2000.00 11941
2000.25 13227
2000.50 12963
2000.75 14717
2001.00 13052
2001.25 14391
2001.50 14117
2001.75 15908
2002.00 14083
2002.25 15599
2002.50 15268
2002.75 17133
2003.00 14986
2003.25 16529
2003.50 16088
2003.75 18096
2004.00 16231
2004.25 17223
2004.50 17190
2004.75 19183
2005.00 17067
2005.25 18112
2005.50 18203
2005.75 19963
2006.00 18270
2006.25 19300
2006.50 19305
2006.75 21269
2007.00 19687
2007.25 20740
2007.50 20721
2007.75 22641
2008.00 21647
2008.25 22370
2008.50 22282
2008.75 24484
