10 50
34 96 11 97 17 62 67 2 24 66 58 99 32 60 47 4 97 40 45 59
23 8 55 2 29 19 95 33 54 30 80 55 45 60 59 81 50 55 33 50
32 69 0 52 88 18 13 15 94 60 49 12 35 17 62 42 86 57 18 93
86 95 75 66 45 9 72 82 37 3 62 12 10 67 81 29 37 48 23 80
96 26 18 96 39 89 24 36 19 23 92 52 68 32 12 84 30 67 88 37
77 89 27 97 77 62 53 68 41 82 9 75 4 1 27 79 31 21 64 8
52 15 87 67 7 51 35 15 64 80 52 61 19 24 6 28 50 65 30 94
13 63 19 20 36 82 91 84 20 14 49 58 33 84 7 93 20 98 35 10
30 83 51 38 86 4 22 69 23 2 41 77 91 99 46 63 87 61 82 15
69 3 10 6 74 85 28 37 24 0 29 5 11 49 48 49 47 6 48 60
27 9 56 55 82 23 92 29 1 33 72 24 25 38 69 96 55 5 39 11
85 51 11 53 63 88 88 20 73 78 44 4 42 8 16 29 52 61 5 55
80 21 2 1 17 98 53 38 18 45 62 53 94 52 98 89 95 4 92 52
92 56 0 22 14 42 48 96 25 90 50 10 4 59 4 62 28 60 18 29
33 32 54 36 3 98 62 61 91 42 62 99 25 75 41 23 6 67 86 12
19 99 70 18 54 58 87 25 66 59 24 10 63 1 72 5 53 12 81 76
95 39 27 3 62 69 8 8 47 61 27 61 92 35 64 17 76 86 18 62
34 4 1 30 47 18 27 94 3 4 77 66 95 21 7 89 14 32 49 96
44 31 25 15 54 96 89 65 86 40 12 37 66 10 71 94 71 47 16 38
51 13 99 3 14 11 53 44 28 73 52 94 79 38 9 34 44 60 99 70
68 15 87 31 75 83 6 41 77 78 66 39 37 44 7 71 63 58 90 85
61 69 62 99 17 55 53 17 17 35 86 35 81 80 84 6 79 56 24 99
45 61 56 0 26 59 51 69 36 76 45 26 92 68 34 68 50 79 55 47
57 36 41 25 95 32 76 59 14 64 16 79 36 72 14 74 39 36 9 62
37 12 7 90 1 47 58 35 79 64 57 63 31 84 92 44 24 98 48 81
98 37 26 24 49 71 76 92 37 90 74 3 24 26 26 75 87 10 59 1
97 13 0 33 68 13 98 43 11 27 47 87 68 5 12 57 19 96 47 40
91 43 15 39 41 10 59 39 66 72 85 44 1 79 74 15 97 85 56 32
41 52 31 49 88 58 17 21 31 62 16 26 96 51 47 60 21 69 48 78
11 29 92 87 78 20 72 72 43 80 80 72 49 83 57 70 9 55 49 44
18 16 44 19 84 70 81 85 32 61 55 96 51 11 59 59 83 3 16 77
96 30 47 37 98 63 7 12 66 96 85 93 22 58 39 52 62 68 31 75
63 81 13 90 13 83 31 7 19 0 79 35 68 51 94 98 43 4 21 15
16 22 66 87 22 64 64 2 87 38 51 82 7 68 10 44 38 19 65 80
19 8 15 91 76 21 51 95 12 22 23 22 88 88 43 68 90 29 89 96
15 68 19 45 2 21 27 63 77 77 91 54 29 0 92 57 89 13 69 44
78 69 15 32 47 37 69 93 34 19 88 3 84 74 81 80 69 25 6 53
25 16 19 66 36 33 50 13 57 41 60 41 55 98 74 15 47 13 18 8
12 46 37 24 75 48 96 77 7 18 12 27 51 84 57 85 50 6 65 2
17 38 99 52 8 50 88 81 19 87 6 88 46 81 68 66 53 56 41 15
24 35 97 54 88 84 40 14 90 26 70 84 4 78 63 99 84 92 67 42
53 31 88 35 31 45 99 60 79 5 8 48 72 68 57 26 67 55 80 37
52 59 25 48 23 55 82 22 20 13 44 72 14 29 15 13 26 74 45 21
55 88 9 50 49 69 40 71 90 11 93 16 20 38 85 24 81 11 87 40
90 91 20 64 77 71 35 41 25 87 38 28 80 89 39 39 8 83 69 20
61 47 27 53 47 9 5 35 56 95 19 36 85 12 45 53 40 36 55 75
91 63 11 37 27 19 64 38 9 3 85 12 66 22 7 20 54 22 4 37
75 38 59 2 56 67 33 65 59 69 80 88 94 26 25 55 48 65 23 10
39 54 24 31 95 22 67 25 40 48 44 78 3 41 62 66 77 50 37 16
43 11 86 41 24 68 15 39 82 47 77 98 87 48 74 36 70 94 30 92