10 30
86 47 76 16 87 33 73 71 12 7 40 89 17 78 71 6 70 84 5 63
65 76 33 26 94 48 95 0 5 66 44 73 6 39 55 24 10 16 44 52
58 42 57 42 70 88 62 17 19 65 76 55 89 70 82 62 91 93 5 0
63 59 12 97 63 52 59 81 35 97 95 39 36 95 10 34 99 83 15 75
16 96 90 47 79 80 96 50 80 13 6 27 87 91 29 22 79 80 28 91
15 20 54 96 67 8 94 88 27 5 87 37 10 60 28 86 95 2 95 24
55 39 97 89 33 35 55 20 47 24 24 60 87 58 60 10 80 93 36 37
41 68 81 1 70 90 42 75 14 12 7 82 34 76 75 86 46 76 21 96
6 56 83 78 68 51 51 43 31 0 92 62 74 96 16 48 18 5 29 56
27 70 23 35 24 93 48 26 76 4 44 43 8 17 62 7 34 6 15 18
78 63 61 51 93 17 14 2 6 53 45 35 53 7 7 12 10 3 4 49
31 7 19 25 56 71 45 79 90 39 18 35 35 56 65 6 84 5 46 13
0 81 64 98 9 46 27 26 58 4 40 78 43 77 21 79 83 86 71 19
69 46 78 87 49 8 17 66 51 22 43 14 58 67 6 77 73 34 53 96
32 84 32 29 29 58 92 17 30 76 73 87 58 14 27 21 77 20 6 68
22 80 29 17 29 65 69 39 58 49 62 70 63 63 20 88 66 25 16 56
33 17 41 31 48 77 86 37 61 26 10 42 71 54 18 12 13 87 48 93
43 79 29 4 39 7 69 64 14 32 19 39 39 97 67 73 20 67 4 17
81 72 56 89 50 53 23 14 28 89 56 12 90 17 8 53 24 9 49 73
80 89 62 39 48 8 91 0 52 35 44 27 35 14 99 50 19 61 85 89
20 85 75 68 52 87 16 34 99 10 4 72 8 24 65 61 41 68 85 14
38 59 14 74 68 56 29 11 91 0 7 16 60 23 67 79 19 78 20 50
35 37 56 51 54 61 82 68 70 8 41 64 84 67 96 7 85 13 55 85
60 54 87 58 41 89 7 26 41 53 49 51 25 79 30 82 72 53 67 55
82 75 86 88 35 15 97 7 64 39 48 85 53 15 78 0 3 20 23 25
21 87 28 10 30 60 22 64 84 34 72 22 78 66 2 36 23 18 83 24
42 63 3 92 29 2 61 25 33 97 40 20 13 38 42 91 16 60 80 25
33 0 34 19 17 13 71 71 0 23 9 24 76 91 10 25 80 58 82 51
98 81 68 69 16 27 44 30 93 95 50 31 35 97 64 6 21 58 41 12
4 17 1 91 14 10 18 32 62 96 16 80 93 96 55 22 84 66 75 67