10 30
18 81 95 35 10 0 15 84 85 22 14 83 42 36 12 51 22 39 31 3
38 92 5 14 81 32 33 71 8 51 6 36 5 78 85 31 36 65 66 88
41 16 41 42 33 66 73 97 77 90 73 24 22 89 53 54 42 7 11 70
5 26 98 74 59 91 13 14 96 45 59 90 9 0 73 67 15 1 3 71
7 45 78 64 1 92 2 60 17 79 85 73 75 26 15 19 17 56 12 53
45 48 24 81 76 83 86 43 28 20 24 2 89 86 39 58 10 40 9 41
17 61 12 71 88 83 69 11 80 65 52 32 46 65 42 93 91 15 94 76
81 59 32 86 68 13 1 76 58 93 91 85 96 35 84 66 80 74 35 91
23 52 39 84 4 84 3 89 74 85 12 45 79 51 85 39 45 43 67 32
20 93 36 12 58 10 98 8 49 2 2 72 90 35 48 12 40 18 61 29
48 52 4 95 8 40 45 52 4 2 55 48 29 31 19 4 31 84 37 49
53 98 72 11 41 77 27 36 7 87 66 26 9 75 64 51 98 49 54 27
65 25 20 71 97 94 80 57 97 30 92 59 24 53 74 34 89 39 38 62
13 82 99 48 26 32 71 63 48 12 86 66 33 27 35 2 72 69 57 63
83 91 63 87 2 86 49 51 35 61 14 74 9 67 14 21 22 23 78 8
12 33 10 63 42 71 28 37 63 22 5 53 35 22 2 50 45 88 63 57
57 38 89 91 7 62 95 31 64 74 28 74 46 49 45 96 82 83 34 82
0 41 21 87 29 16 11 41 72 62 41 92 47 31 24 72 30 69 31 76
98 55 97 86 96 41 34 73 49 85 99 27 12 38 42 57 73 22 23 85
22 18 78 53 80 18 10 63 24 26 5 34 51 78 51 97 8 66 38 36
61 92 60 52 43 86 8 88 80 15 31 94 9 55 58 52 17 39 37 91
6 80 5 88 50 69 39 58 35 47 80 29 0 21 44 50 97 23 8 34
3 35 91 71 88 82 95 60 68 14 79 84 2 74 76 65 38 25 20 15
74 86 13 40 9 16 85 27 51 80 32 27 28 75 51 35 86 98 3 25
3 65 13 9 86 54 55 93 55 87 46 45 86 54 29 18 17 96 2 81
94 42 71 87 60 85 34 68 11 51 3 94 75 6 99 21 34 25 71 97
35 14 19 19 39 66 18 64 82 98 44 91 29 88 45 54 78 16 12 17
47 3 34 55 25 64 57 84 4 77 34 98 89 54 90 6 29 89 38 86
13 87 66 30 26 32 52 44 78 99 71 38 42 1 94 33 76 14 59 42
54 43 14 2 77 88 34 84 8 33 1 71 45 77 18 29 28 11 21 97
