491 598
5 222
137 362
283 289
382 6
442 234
206 365
337 266
317 283
263 461
169 350
118 461
352 156
44 421
186 97
370 48
198 154
213 90
419 464
255 82
339 73
475 129
5 253
77 252
400 227
53 223
11 42
25 375
181 24
216 161
142 67
257 401
263 417
51 211
344 337
215 396
411 165
279 433
282 248
255 144
255 241
52 428
132 239
194 315
230 107
167 384
290 199
245 77
138 467
222 79
12 96
104 373
64 208
36 27
489 137
31 300
189 441
253 458
110 51
339 419
405 95
299 487
348 277
237 85
65 130
302 477
380 426
372 294
60 166
226 467
347 256
83 388
415 270
199 24
481 477
388 33
241 123
486 389
69 431
52 177
295 32
84 412
328 46
385 67
393 194
13 446
364 289
88 46
427 472
301 94
168 478
403 416
365 244
227 473
191 491
474 74
280 482
343 168
473 14
191 116
225 389
382 40
195 462
352 170
259 316
169 203
440 27
435 93
422 112
248 1
235 291
285 43
464 461
27 456
276 490
190 208
59 459
67 14
164 254
284 1
410 275
473 335
76 297
358 455
98 210
20 132
228 159
294 238
100 103
228 229
23 408
171 133
127 366
441 405
264 277
109 480
29 10
456 327
265 409
234 24
316 451
288 443
290 275
425 175
365 448
29 26
420 157
159 202
308 371
120 225
461 466
137 48
198 215
95 350
35 28
117 247
146 199
251 179
473 398
469 479
35 462
252 205
239 148
85 311
166 124
22 322
266 179
420 233
435 143
292 125
158 437
389 3
184 243
426 392
468 221
463 325
92 61
338 43
45 378
376 245
197 67
205 452
323 10
200 304
126 260
207 125
250 267
380 273
120 377
335 356
331 76
488 404
427 17
374 361
295 274
41 134
298 204
41 348
73 293
444 309
466 133
273 286
224 137
305 353
296 453
278 372
378 69
263 193
34 357
365 468
206 321
91 152
401 75
171 73
442 357
464 214
73 274
139 34
351 182
399 57
135 331
270 454
299 115
480 283
240 312
313 106
162 116
385 365
261 219
336 171
140 359
458 320
229 391
489 73
452 484
256 147
277 260
399 388
111 443
243 444
371 102
31 78
122 202
4 443
9 321
306 371
406 150
306 61
87 396
59 12
418 4
491 130
443 302
60 55
155 24
180 373
358 476
271 72
409 160
131 324
427 332
176 266
281 236
210 355
184 32
269 87
201 63
65 258
92 99
190 147
412 450
217 392
453 301
15 255
2 346
281 314
164 135
114 334
117 101
347 425
424 181
414 13
121 472
37 182
109 351
418 111
370 384
128 341
328 235
409 395
280 329
381 231
211 249
194 376
312 124
167 489
60 330
109 317
194 253
383 172
458 55
155 120
316 384
99 102
429 63
293 421
258 73
196 458
354 346
18 132
212 75
172 469
333 425
489 56
5 119
455 114
259 56
309 295
240 187
402 197
417 44
397 359
318 17
276 323
178 100
200 95
140 188
280 395
310 430
7 338
108 142
193 293
286 217
366 162
151 94
476 272
84 70
157 232
337 248
156 94
135 422
181 310
218 474
407 40
81 181
37 278
448 212
121 342
485 276
107 315
28 447
127 368
345 115
457 56
270 123
448 60
387 292
16 200
160 274
426 59
176 360
388 197
393 254
45 397
265 156
253 397
113 138
226 59
149 158
18 428
417 260
423 356
349 406
294 463
210 78
39 446
445 101
425 268
295 351
341 394
79 223
379 446
110 196
38 313
424 118
465 314
170 195
279 178
412 128
153 450
3 479
58 189
175 475
41 264
368 131
288 418
418 187
180 26
69 472
481 57
304 303
64 2
3 395
403 471
261 327
214 339
395 357
408 316
183 337
237 21
153 358
95 54
478 485
269 215
311 86
374 207
361 125
18 415
242 18
319 233
9 108
292 188
483 76
364 351
284 250
247 54
74 466
436 375
278 238
59 322
393 332
438 216
311 479
234 105
144 113
486 404
105 307
439 8
115 300
204 11
146 280
268 305
231 462
47 340
390 192
20 219
150 282
434 449
443 367
410 280
353 437
129 256
21 192
30 405
120 488
195 33
47 359
272 148
135 483
400 423
71 257
367 418
445 178
59 430
325 289
340 87
420 39
216 62
174 320
303 19
219 440
386 183
249 186
152 279
333 256
165 70
362 370
298 42
324 258
220 482
96 287
431 338
161 143
98 25
81 436
62 93
267 441
461 384
273 255
416 67
389 377
432 242
255 287
10 7
72 433
224 370
61 262
387 154
184 289
407 190
140 374
141 149
398 400
393 414
230 342
363 307
413 107
136 58
268 229
330 266
199 163
310 122
114 22
421 134
163 220
457 8
411 394
174 436
42 15
232 427
173 185
30 349
413 342
147 437
76 318
391 68
291 271
476 36
363 139
38 369
119 431
301 262
69 195
344 103
343 490
196 447
209 454
319 379
471 221
50 402
409 89
185 66
155 390
375 106
145 276
151 345
460 66
478 104
251 19
449 143
400 244
70 432
134 126
245 470
192 86
91 80
439 23
308 106
171 218
110 381
50 71
199 329
115 355
305 141
429 285
336 466
112 297
478 145
97 231
209 438
210 246
354 68
390 383
49 222
459 204
369 296
49 373
246 487
173 201
236 56
118 184
136 1
203 386
16 213
291 101
177 358
89 82
89 6
484 472
460 326
470 452
451 465
360 90
326 53
461 162
200 83
80 88
378 387
334 434
