125 158
66 84
86 3
21 49
67 6
62 89
97 15
88 18
51 21
1 91
109 124
19 125
92 67
116 23
69 5
8 46
41 6
85 16
85 3
106 12
6 59
88 19
124 79
7 84
6 37
29 73
79 83
116 112
20 121
31 82
11 2
122 67
66 94
83 26
122 87
88 116
34 16
79 70
20 28
45 50
93 120
105 16
108 9
31 96
63 16
14 123
13 110
68 93
53 108
90 61
4 18
104 56
33 113
98 26
107 120
114 75
9 5
58 36
67 26
3 67
81 73
47 20
115 93
10 11
110 119
49 64
58 107
55 114
96 20
34 78
110 111
91 69
24 74
57 16
110 95
70 92
65 27
30 16
100 79
58 63
37 23
29 115
22 72
102 16
47 103
54 89
32 99
22 60
76 93
20 99
46 70
35 117
26 10
112 37
38 110
105 58
12 15
119 39
81 111
67 61
118 67
44 28
21 121
61 53
13 65
114 60
17 44
52 101
32 54
70 88
12 55
58 77
5 70
61 1
100 26
64 51
39 101
27 94
58 14
30 123
5 90
114 42
71 33
72 12
50 86
17 24
2 109
80 40
43 98
121 87
75 117
82 32
104 57
70 121
40 71
16 36
122 32
68 52
45 80
4 59
76 25
122 64
70 113
85 42
93 7
48 79
78 77
74 32
25 38
103 62
107 106
58 102
8 118
113 107
41 125
85 95
48 43
56 58
35 97
