6375 7998
5292 6124
3004 1894
4432 1793
4131 402
3192 1234
4613 3730
1901 3084
4887 5217
2556 6098
3898 2413
4118 3555
5484 2186
2312 1030
2411 1726
5597 1082
1351 5895
1985 5209
142 4267
4509 3163
5264 3391
3589 3720
2077 2894
1960 4833
6307 6121
3368 3315
4933 5814
187 6146
5177 1477
4933 5502
5882 4398
5558 3323
2139 296
5296 6049
4384 2686
2575 642
3113 4746
5149 6231
184 1700
539 5562
1327 3355
1960 6367
5073 5980
1420 2651
6218 4623
710 3175
1021 24
164 213
1692 2538
5544 4631
5006 5263
3288 5975
2813 2539
5670 1644
1974 5463
2479 218
3929 700
737 1598
2182 4934
2306 5474
2980 3157
373 2128
794 3692
6159 1451
2307 731
4226 2618
5378 5034
2262 2571
2571 1346
234 6185
329 2157
4030 4009
2555 3718
4630 6313
3266 3584
4104 3396
280 1677
1770 5240
3097 3447
3042 460
1223 848
3771 4246
4927 5733
2564 1634
689 5068
4373 538
1304 3399
1864 789
5188 4751
2185 5357
4855 5342
3278 2795
3603 1208
2971 4378
198 5304
1889 3586
1896 5057
3380 45
499 3595
2558 3077
5245 1297
1207 56
4180 1222
5872 3145
504 4570
936 2992
2606 3312
4268 5221
2476 3840
948 3859
1882 2857
815 5038
5997 4509
3613 1875
134 1460
1288 2933
3788 5491
770 449
4108 3800
40 2474
3671 4711
4136 6083
1451 5860
4647 1114
5056 4028
865 3816
656 3299
1715 3169
4809 1259
4891 2773
1336 3581
3628 4039
4390 3269
1108 2107
975 4836
5993 1679
1094 4305
5137 4387
5050 3917
326 2265
6343 4451
3367 1518
5722 4070
1969 5670
106 326
2212 5076
1852 2108
4418 633
4124 2658
4389 3395
1955 5007
844 1158
6126 953
4163 232
810 1951
5739 5205
4588 4091
2 3369
2113 5281
5225 3549
3465 1222
5306 1041
1941 4739
2 3058
3577 5061
4588 2267
2455 4160
2411 989
702 3281
6216 5475
5425 824
1856 3110
2223 4807
3424 1036
135 5979
1793 5276
1111 4238
1143 2007
6200 1844
2919 3553
871 3372
570 3543
225 5821
6306 5544
4262 4425
2777 4071
1354 5795
2717 688
3144 1199
4966 2337
6309 5214
4053 6237
2963 4117
713 803
3998 395
411 2879
5715 4551
4527 2590
295 1317
1019 505
563 2961
732 4870
3931 2208
4804 2394
5142 2675
4345 4524
3301 4488
2055 2897
450 747
487 1715
2866 4092
408 54
1772 724
2216 4641
4894 1730
4359 4278
921 2661
2396 6321
4689 486
4899 4937
1155 1583
770 2381
2226 4225
1730 1818
4828 2838
3081 3430
1514 730
6269 4467
4617 264
6146 4720
2268 4890
3497 5700
4716 2794
2601 4140
2986 1043
2951 3627
4022 553
4417 5129
6135 5352
2672 3468
3213 5062
4495 1287
5291 1327
4660 5276
2358 2142
3781 4159
3035 3412
361 2230
1314 180
5183 5852
2131 5398
5804 45
431 4659
2776 5814
3273 4260
4455 784
3263 2833
4830 4481
916 4596
6207 4033
2615 5877
1871 111
984 5372
5455 4508
3380 6243
3344 3080
925 3452
67 2082
5535 1425
2764 5442
3049 2352
2643 153
5260 2116
1285 461
6363 3978
532 4959
118 3170
2787 2520
370 4944
2658 5430
4871 2827
3289 3551
398 5819
4075 6202
3918 5603
1527 5815
1232 3475
2983 1119
2234 6373
5697 1423
117 2208
5234 5913
1301 2716
766 3033
4943 200
3926 1075
3851 1500
655 1974
4737 1731
1558 187
5451 3220
410 2527
3327 2446
6358 2212
809 6307
3871 4376
986 740
3829 4687
1719 5152
6099 2748
5774 6137
5843 4726
2351 5290
665 966
562 5218
4939 2168
4262 2949
1283 3552
113 4276
5334 411
5380 4542
2045 1440
801 3937
1169 3320
3853 1214
2088 4965
4854 4687
2321 4757
238 2694
5928 4149
3719 6326
5016 3891
4636 5651
5340 3995
412 5115
5705 2921
3585 300
2307 4805
5147 1966
1113 3219
8 1789
3890 627
5596 3221
4778 6306
4212 5827
5721 5311
1330 3503
1914 1834
4674 936
2058 5770
6272 377
4217 4764
4106 6277
1761 4998
5210 4546
661 5056
5443 1982
5781 2408
4486 1966
6268 2866
1567 2619
772 4244
1613 946
3173 3777
4839 2312
5841 1759
2963 6020
2658 290
806 3552
2882 3207
4678 4519
636 5660
2072 104
2118 1782
1482 5133
1828 5760
2264 5405
5637 1982
2824 1161
2359 5202
3409 2023
2162 1542
140 222
3834 6350
1052 2086
5414 710
3565 3909
3508 2154
1039 2407
4191 4965
1996 2426
1813 4498
1153 1942
784 3779
1678 1612
2109 5754
3621 5372
3134 5260
4792 1394
5887 494
5811 620
4947 4448
3548 5674
4936 2850
761 3355
3466 3764
1912 6155
5947 2139
1463 4482
3053 2861
1286 948
634 4965
3540 2528
4356 5221
4434 2666
2551 5673
3774 4096
1474 5940
162 5060
2339 4901
4110 2627
1505 2912
6349 3195
3349 2882
2847 5644
4602 4549
6108 2184
5142 3114
5519 1003
5658 3737
1252 2472
1920 4276
3099 909
2347 53
5713 2752
4365 360
5273 5859
4328 3882
3598 1801
1877 4089
519 3265
4522 3267
552 5710
1775 4307
5189 6338
5210 1972
2893 32
6235 2193
3890 4657
2586 120
5331 3481
1074 1667
5198 2846
3025 1432
4911 3603
3718 6035
5366 3582
5656 5684
5379 2237
3466 4922
1205 3919
4603 2689
3201 571
4428 1887
2570 5386
5712 827
1385 1389
900 4672
1468 1131
5618 602
2246 3811
2188 4577
3357 900
4092 2183
4393 4969
2235 5482
2448 2388
6131 2626
1165 1089
1454 1595
3979 2822
388 4933
3923 5126
4179 1489
216 4784
2496 4705
5270 3034
2139 3935
4000 498
1773 754
1102 1225
1110 4290
5584 3748
2615 129
1674 3773
5201 5360
3679 4853
770 4502
3395 5764
2703 4064
4820 372
914 1401
3182 5732
251 1663
4026 3644
6238 1631
5794 4301
2826 4664
4391 1087
597 4223
4480 2617
2262 5586
830 2812
5184 4877
306 1251
2513 5855
2048 1585
3362 2192
1830 6052
3964 1685
6201 1096
81 4660
6153 1284
5400 4128
3055 65
965 332
3373 5745
3005 1325
456 2956
3188 5299
3634 2676
3959 5301
733 1880
5049 2124
1870 1147
3097 2992
6122 1158
1734 3755
2291 5970
476 2966
5356 5727
282 5627
826 6215
3689 5925
2081 4090
1176 2469
5385 5279
5803 4323
460 4008
248 6278
151 2502
5102 5029
4952 4302
3432 5777
4239 4596
5003 596
4786 1360
1023 3196
4417 655
4207 3530
2061 4992
4449 2954
5776 2840
1301 386
5958 5728
3414 2218
5512 3483
2710 2343
4647 4178
4795 421
4482 4563
3782 2758
2871 4596
3877 3065
619 4299
5965 270
2244 4886
3071 5855
527 2457
4780 3907
6130 6126
5300 4044
5623 1926
4738 1320
4020 3764
1364 3423
4536 1101
1396 1508
3652 4841
2216 6333
5705 5907
1029 3432
393 5050
325 1495
2165 5177
3975 3412
3508 4762
4685 3977
4554 3932
1015 2441
5601 1736
2098 28
3648 2601
6208 2844
2680 250
193 1609
2916 4725
5125 1806
2812 3195
3377 1693
2715 49
2907 3290
1595 4413
5770 419
6158 4970
4420 1885
6158 3025
5876 136
2875 5374
1696 1702
1521 3924
3135 5698
3428 48
4931 5674
1862 2094
1542 6212
3785 3519
5244 3944
1199 4293
5211 3666
1039 2767
1821 116
2774 4887
4708 1121
3799 5284
62 2675
88 3997
4988 359
3184 5429
4695 4943
2026 995
66 5170
5738 1679
4654 5949
4963 5962
3685 52
2605 2854
2984 4962
980 6280
5533 2599
5119 5266
1926 3935
4616 3643
4350 928
3356 5731
1180 4811
4020 3389
4035 3478
6375 215
2792 4926
2450 3999
5704 1179
3492 1814
504 997
158 1805
219 2202
3833 5058
3161 4256
534 387
4520 1193
2765 3112
1922 2736
3757 1426
1706 1870
5489 2651
4352 5036
1720 157
5962 2859
3926 6230
1356 949
4431 1099
1298 6350
672 4754
6055 1450
3645 1605
4805 1744
4794 564
3876 3802
5360 4337
176 743
5790 5610
2173 5609
831 5696
3715 517
5460 2023
4235 5909
4007 5294
1856 4729
670 3068
498 964
474 4364
231 5432
1778 4118
2120 3041
4135 143
4637 4318
5539 1986
1921 2476
944 1201
103 2713
6067 5306
3212 5980
4372 4245
5329 3486
860 3012
3080 29
3710 5020
91 3348
4862 3539
1581 3823
1443 1257
4695 3100
2114 1269
1201 1980
4341 5779
5987 1269
5386 821
174 272
2714 5906
853 1434
1915 5964
4579 5037
6071 5768
3269 2998
1792 2602
1348 1752
3732 1674
6188 863
4981 2246
1222 338
2447 3748
63 5027
5242 2062
2382 5571
5043 3266
6101 3199
3152 4237
2112 2908
341 5480
4917 4471
5801 2536
2702 6249
3336 3121
1573 1061
3319 85
85 2915
482 3179
5591 147
1887 5066
2708 5229
1188 4523
1153 3556
3754 2255
586 4690
4132 4317
2660 4967
3188 4421
5185 5897
689 2456
2525 3803
4785 5542
329 1787
4445 569
3900 1670
1654 244
435 4188
1341 1131
2533 998
4340 3336
1479 5358
4215 494
1256 1225
1139 5011
3174 3341
1134 819
90 6045
734 1133
1727 875
997 394
4976 2901
5547 3447
1240 4670
621 555
5611 1187
4517 2680
1411 1216
851 3180
4093 2570
781 2392
6362 4146
4682 1942
1096 5995
2888 3311
4433 5655
3312 1245
653 1242
207 990
2446 5320
853 5476
4346 3177
487 1600
5268 2524
4280 5726
1691 1114
5159 6107
4654 493
1536 3804
1307 2616
5321 5583
4112 5736
5059 297
2111 3988
1307 6178
3370 94
3920 1235
4548 4269
318 605
1487 5324
103 491
5551 4480
5472 5339
6164 3607
2374 6205
5530 2630
6284 6076
5271 6217
1100 6117
2156 985
5682 1835
2314 4874
914 2263
1015 4204
3759 442
5899 4597
2532 3238
626 1095
4744 4314
4593 877
4790 4872
1408 2998
2990 6317
2353 2809
3228 433
3339 5223
1906 3544
6046 5722
5886 5618
4024 1127
2496 1657
4632 6214
5085 3148
5776 4274
5903 5963
2342 2947
2061 3867
5384 6054
404 684
6359 2037
1053 6348
3124 3736
3503 1164
799 5767
1490 725
1042 5311
1126 1007
2362 192
3317 2850
4358 1564
4739 2425
4267 6375
2700 5121
2303 86
5068 3164
4749 1069
1860 4426
1063 2991
1211 3866
2483 1117
800 1204
4096 5511
3459 3698
3728 5973
4558 852
5395 1400
5131 3393
1373 2459
3136 6319
2601 1411
4681 1398
350 3105
3073 3906
965 2798
4659 3477
1328 6365
4364 3151
2489 749
4530 514
2318 174
5279 205
1937 926
3444 4444
2830 1212
1660 3644
1208 2825
6130 1469
6221 5180
1645 55
3959 190
1471 1657
3410 3639
23 3353
648 2531
4160 4993
191 5491
1085 3843
3080 4733
6312 4695
4307 2095
4893 3354
2034 1498
3133 3589
1000 1676
2128 3186
1892 2033
478 824
357 414
4568 1218
1681 2215
3316 5853
5770 178
2236 6233
5078 634
1044 317
2304 949
2050 4647
1977 3878
3680 1134
564 1657
4485 5811
6016 5155
2509 498
4608 1333
2661 5876
4816 2368
5856 54
3781 2392
1997 1923
1545 2940
1462 303
5741 3877
2455 1657
4248 1825
4597 5167
3715 3206
5413 5686
4903 3762
2469 6283
1791 2644
1830 141
1625 3592
5202 4984
5483 2455
1639 3761
6071 1848
315 77
4678 4933
6314 5796
5043 5008
6288 2976
4155 5638
2734 3919
564 871
3577 257
5327 4823
967 4614
2892 932
3011 5881
839 3624
3583 260
3205 2914
1597 5913
1598 5275
1087 2051
3858 5365
2496 2780
2002 3396
1996 3043
765 2076
303 747
6256 4703
2749 2834
5708 4827
5371 2692
406 6253
4982 3185
1828 1599
3215 1239
980 4341
5567 1154
1485 3467
5449 1178
6051 2468
2765 1868
6044 4335
1511 4953
3410 1730
5521 6097
5510 335
1270 6329
817 1115
5695 1747
5757 753
5859 1713
5426 4009
1620 939
2689 6236
210 3174
3461 2397
1036 3880
3485 2083
575 4101
1671 2962
3837 918
282 2533
4724 795
5333 2124
2968 1152
3233 2312
5383 3921
5506 1764
3408 2936
5604 2706
1285 5479
750 3947
5960 1055
4814 5328
4214 3776
4082 2569
4234 258
1438 5561
4686 4514
4977 5915
1099 162
31 5144
3982 1277
2711 5089
6130 5456
893 6003
1965 2913
1839 1147
2283 2160
4936 952
3815 3287
4399 3925
4078 4179
3621 3006
4779 4108
5014 3030
6036 2705
3162 1475
2941 4587
4975 5342
3979 3116
2864 3647
6304 690
379 4739
4142 2029
4705 1270
1240 4996
6062 1260
620 5079
3592 6340
3700 4941
4514 6319
945 4182
532 1924
3571 5949
4951 3248
5615 4672
6010 876
5078 93
3928 671
1115 1990
6364 551
1282 5462
1437 6017
5214 1351
3874 2084
4646 2961
2739 6225
2080 3083
2423 1375
3805 88
4637 4769
3882 5569
2485 4712
2664 1734
2433 4533
2015 2717
5192 3153
3372 4031
3760 3789
5420 3891
4771 1840
4475 3152
5305 5983
2678 3241
2190 2209
6247 917
1709 4356
1210 2448
3316 431
890 1611
1169 1238
1936 1724
540 2179
2293 1141
5259 2317
1647 5940
4639 1845
3920 4832
3150 3048
2425 2238
1747 6030
4750 2123
3374 212
4299 4991
6275 6069
5403 1625
1516 4349
1397 5548
5741 6358
3496 5061
2819 3002
4605 425
2181 228
4491 2912
4546 5784
5882 2294
5833 5654
233 6004
5682 2242
2744 3628
3616 967
5735 5989
5457 5871
440 2710
3626 5737
3570 2314
2096 6066
1400 2057
6259 1872
5309 3521
66 4956
2870 5015
788 973
2178 3646
217 4835
3398 1224
6204 3554
4567 6071
5435 2300
1646 5732
1370 4572
1983 4718
917 5735
4477 6289
5672 2887
285 2210
4803 5830
2962 837
4923 430
3616 947
6319 1829
6135 4787
4043 6356
6272 2549
2550 3156
3239 4391
453 2678
4223 1036
3973 3819
699 5643
62 2220
2721 2971
268 2688
4161 938
5369 4067
2052 1736
1519 69
5671 2691
5300 1986
4712 2232
5783 4433
4806 4697
1489 2236
5344 4365
768 1358
3243 4902
2144 673
6278 1869
199 4050
2294 3050
3910 1807
4801 41
2622 5254
3512 4442
3649 1671
1848 521
4546 3474
2687 1727
1704 6069
4319 6011
1180 1412
3572 3574
3311 3851
4711 6064
4605 3594
4094 1023
1264 5641
1331 4621
4109 519
2122 1610
5794 5723
2072 6055
241 2959
1252 5247
4624 2680
1849 4719
2994 2188
1153 4902
3568 4176
5731 465
814 4420
5819 2216
64 3807
1523 235
1867 3188
5200 2306
2103 836
1989 542
5581 850
2314 4247
4638 2175
2931 973
1077 5719
2353 5610
2161 4325
3152 6371
83 2190
2959 883
5579 3259
3115 1955
4838 763
5063 1185
2441 3416
4727 2910
2168 618
1156 3901
1468 374
3865 3557
6116 2750
5827 3413
2635 4628
474 1414
3380 2792
2314 5048
850 4019
869 2486
5047 6140
1738 5969
5546 2508
1011 5995
3525 1812
3381 4153
4759 5634
1851 6370
1138 1548
3677 6247
1734 6125
582 6217
2932 559
4452 5873
3320 6198
957 921
1152 2707
4689 4100
5120 1654
794 6296
1780 1188
4502 4772
236 5108
5297 6008
788 4331
618 3851
5870 2952
155 3780
5607 4402
2977 4552
3816 3378
5069 807
2721 1807
3496 5321
2736 531
5362 5186
4825 3161
3467 1096
1526 5972
5747 1985
3439 5011
3864 5189
1686 6139
5168 2947
2149 1058
3237 1940
6054 5362
2801 5817
1965 6307
2049 2024
4298 520
2064 216
5990 1166
4861 847
3351 2709
3037 4367
6284 2933
2473 1642
3905 6193
124 433
725 3279
3091 3195
3422 5747
111 2932
4178 5596
3283 2289
2596 2764
1254 6124
409 3008
5536 2121
2192 1488
3501 1740
2736 2810
1711 641
552 2095
5545 5872
1754 1049
5948 1267
2053 6056
2420 262
2660 2649
2488 4053
4144 6339
2066 5907
4459 3691
3380 5118
4870 4077
327 4164
5521 1349
6325 382
6291 735
2732 4474
6190 5734
6192 779
1289 814
4293 1939
1702 3800
3252 3413
3848 5219
513 6265
1484 1905
2591 1715
4375 5365
5861 2808
4150 114
5748 6372
2383 3857
4787 3771
3472 2544
85 3601
2032 2673
3939 1449
2910 1304
4810 2859
1413 5583
2417 6124
5433 1713
5028 3131
928 5586
5860 2210
3296 3973
2958 5410
2753 1470
1232 636
1998 5576
528 1552
225 5200
3665 449
1554 2856
6150 2273
4097 155
4824 3905
4378 5675
722 4748
4683 4803
56 4217
1939 5992
3468 1969
1800 2453
2644 4393
1958 3557
3434 2933
4006 2933
676 4332
106 5979
2691 5075
3908 4566
335 2972
3746 5839
5121 5222
4312 2564
4474 2268
5864 1747
2470 1321
3665 2084
154 3435
3614 1017
1504 727
2242 2320
5666 2572
5728 3955
3640 2417
4645 2752
4124 5297
1509 2036
4291 5387
2487 1836
3261 4816
410 1658
1828 5561
4518 3338
3934 5315
4080 648
392 1623
5740 6201
3576 1012
5906 5880
3984 1893
1405 4472
2944 5303
4581 5546
1477 1391
3464 3807
5958 1602
4660 1030
4703 1865
518 356
1335 5302
1265 4909
4132 2451
1189 2631
1396 5833
1970 6234
5063 4820
1131 1461
3112 5122
1547 5440
1779 5524
4424 2632
2414 3763
4702 5826
4256 4785
4328 4590
4798 3574
3512 4324
6337 3211
3927 6282
400 4991
2097 3879
4470 6004
6151 2660
1396 1624
4846 2630
5773 4518
367 5568
1820 5112
3029 4
857 4199
3776 486
3593 3064
5510 1484
4987 2326
6284 4659
3155 4093
6191 1372
2311 3494
5770 3123
2636 3578
5156 4426
5993 704
2331 1202
2470 5951
4959 1636
3082 2935
4080 384
2081 2062
5164 5300
4971 514
530 604
5565 5896
1863 4952
5615 5399
4743 1320
4928 2648
5002 5160
5438 1522
1200 1802
5488 3153
5014 1771
6031 4784
71 5780
282 6321
3114 4385
1924 5816
4603 3403
5473 520
1319 1204
1077 316
5201 4970
3566 6144
1541 2113
2926 2720
5386 5042
1988 5470
913 2813
3573 4230
891 2173
5343 5621
2459 748
3677 627
1394 4695
4887 4037
3363 3775
1070 1463
1387 480
5394 3770
2542 3787
1760 3683
5457 1204
2711 191
5589 5834
572 2177
4211 614
98 3810
975 3895
6060 3760
528 6187
6162 5844
3215 5932
1531 885
5602 2641
1931 4869
5713 5855
495 3176
967 483
5284 3145
5036 2271
617 4095
976 234
25 1198
3619 1919
5000 5618
5347 2016
2563 3822
1886 2688
3061 1826
3962 5652
2679 4386
1389 1852
3090 6030
5249 5004
4348 1054
3191 5416
3306 466
6242 3446
20 3466
1567 1587
1542 3088
5880 5477
306 622
538 4620
5822 1627
2972 4798
683 65
5659 6161
1940 246
3730 134
4958 4654
1656 2177
2914 2758
4256 5963
879 3561
4988 3527
4440 2534
5318 5706
1808 3474
490 6088
5209 5798
5953 3348
5376 889
1786 3697
2944 3944
2817 2567
3860 2394
3459 2696
5762 1941
6193 5803
4624 963
2127 995
5392 5346
3144 3142
4548 2199
1577 3165
5595 4326
1422 2597
757 3118
6144 1473
502 3066
4143 1183
3594 2603
3175 3268
5184 1319
1230 4249
3915 1285
2169 971
3359 1101
2171 4507
1620 1581
3086 5191
3897 796
3463 3318
4333 3053
4721 5411
2102 6225
1700 6374
3702 4616
1357 5453
4123 3772
4698 6091
5023 2325
2443 1614
5708 253
4306 398
5317 5687
3023 4235
2413 6224
302 2504
4518 4233
941 6282
1550 4982
3148 2449
5544 342
3196 2117
145 2062
5427 2662
5926 584
4656 47
3869 3195
1241 904
5005 1829
5013 1997
2286 2497
5399 5450
2943 2582
593 3515
4840 1579
744 3283
5449 5711
2731 3888
122 5771
5845 3092
660 3353
2621 5685
609 6077
3736 1168
336 2245
2104 5268
4898 3193
1829 1530
4744 5035
6159 2272
189 2023
1557 6356
3086 2170
5424 3648
1959 5552
348 3705
6109 2745
6084 5941
5580 2860
1507 1347
5964 3338
4384 5772
5888 2917
610 1658
353 1768
2728 1233
1408 5450
3690 829
4809 6200
626 3367
6186 3920
2075 2217
3377 363
4241 2227
2923 5937
460 5649
3942 5308
5862 1103
240 737
4490 1820
4177 3461
3885 2760
2052 3407
5001 1737
5632 4965
4170 5518
3813 778
5219 4527
3619 2896
1524 1068
1052 4435
4834 2274
3652 5351
2031 5076
5124 406
3256 4108
2614 577
5939 5157
391 5559
3426 4501
4592 2726
5955 3559
1063 6340
670 2810
4406 14
4112 311
6000 2211
3977 3866
2574 1289
6270 1143
706 3272
6304 4611
2253 983
2260 2156
2285 5126
2132 2537
3001 694
6151 1674
3050 3671
3896 4281
2258 1759
2630 4754
5676 4648
5055 2602
4401 5508
2770 4165
3151 2983
4602 1899
3227 3758
1431 700
3162 5935
4972 4026
771 247
3659 1865
3887 2592
4893 1776
5520 94
277 5040
1072 1513
3570 1274
2319 64
5905 4332
6238 3341
4585 1977
4929 2735
3903 1211
2442 5957
798 785
4808 2079
1450 4957
5687 1699
1299 2119
307 1778
3673 1030
3442 2164
3073 1792
1688 1845
3242 4391
4736 4170
4534 672
3544 2219
100 4920
6132 717
826 4283
770 5216
1971 2424
5851 3734
3013 1169
1617 2909
5039 3900
2702 715
4262 2540
682 969
5622 577
4194 907
351 1370
3572 4458
4861 1783
5004 1071
5937 72
3028 3394
4518 3168
6196 2100
349 3593
3942 2378
3542 3678
4790 5271
5121 4058
5700 2015
938 6216
2959 5464
4408 1279
5909 1163
3457 1165
4958 3263
1920 4301
5348 6057
1925 1511
382 2077
4586 2688
4271 6347
2562 3423
5696 1830
5946 1008
3037 1696
2814 4043
2601 130
4860 640
3454 4354
989 5797
2406 2114
5529 2346
958 4860
868 34
6194 3303
4351 1041
5974 4875
1604 1294
1060 3664
4016 406
2620 5298
745 1903
6068 6030
1319 1636
3382 6019
1970 3722
2726 5579
5514 3259
5560 654
1354 3965
3808 5139
3106 2605
1076 84
372 1185
6062 4865
4424 6271
2280 1584
893 1929
2052 6251
50 4581
2351 2420
1764 3481
1086 4466
5417 4566
6130 4774
3942 931
2713 1348
5805 2613
4291 2427
1641 722
2268 1483
4256 3650
4388 6090
3548 4694
4013 1277
2902 6286
3176 5082
4269 836
4988 6300
4650 4167
3540 3518
1016 1729
6057 4385
3415 3902
6128 1804
3791 6180
2113 1135
6070 3637
5672 5958
5313 3716
4206 2104
2828 796
5433 4210
4364 1386
5215 5509
615 2914
2011 6210
4972 3741
2299 3402
4569 5634
3996 5757
3491 76
5410 2502
4282 5063
1317 5994
6033 4443
1227 3301
5196 3719
4696 5948
3479 5818
304 1352
5899 5062
3844 1534
4702 4658
4447 6047
3769 5112
1262 5036
2313 5684
6308 812
6349 5114
3916 5981
1793 2987
1464 5499
3865 5491
4575 3058
5775 751
1117 3848
5833 2
6306 3971
2805 354
703 5839
3109 6064
3730 4655
1410 4939
6333 5657
3014 2883
747 1526
2517 5359
1724 3027
1167 1441
5363 2196
1098 6266
4201 1186
4951 1849
5767 2999
851 2415
375 4255
286 2642
5178 5633
1313 5427
6234 4235
3686 5098
5091 5969
6008 6305
1946 4712
2930 298
2430 5299
1737 2396
5875 584
121 697
503 2363
3859 594
6244 624
4425 4048
4179 4139
3472 3748
3953 4095
4308 3943
4297 2233
5491 876
5151 3101
6339 3831
6248 6072
5336 292
275 3519
3421 582
1237 5846
5391 3675
960 4327
1469 5992
1319 3575
1839 1512
4279 1925
3369 6026
3302 5958
131 5260
3333 4853
493 5650
5611 1356
3349 988
1857 4350
305 1367
4770 4135
5823 4795
1396 2726
363 2308
5885 3263
6142 1806
1686 2797
1035 5085
5472 5771
5520 6325
2800 4
4648 5762
2477 4835
1059 377
705 4892
181 1826
6024 5050
2746 2558
692 2717
5714 3181
4410 390
849 2014
1986 4691
5448 4930
4863 36
1467 2417
5150 3192
4673 288
4618 885
1670 6362
959 4884
1940 2391
3051 149
3988 2146
1803 5743
4014 2980
2172 792
4662 1303
3059 1940
1739 1952
1983 5902
5617 1116
4358 4336
2287 4632
4545 6305
1853 5138
3995 2363
4319 5987
2835 1130
3072 777
2941 313
5822 3218
2325 2474
4529 576
683 2402
18 3457
4105 3294
1580 3056
6279 4090
4901 5174
6175 3744
3906 4920
3841 1266
3706 768
628 793
3904 5161
4678 4081
5857 6029
6292 5338
544 3811
5943 2626
1689 2139
5418 97
2006 2859
823 4492
3801 1613
1762 2185
4270 4590
1664 3504
2330 3258
407 5028
3090 2979
468 3635
1155 1476
1404 2209
3006 3818
5318 6035
1800 1953
4024 4650
1656 6095
4386 2686
1369 179
232 6002
1027 1700
3765 1418
213 3514
5340 3771
548 3897
5517 2174
6245 3057
3373 3284
1720 980
1427 4898
1949 1565
3235 1463
3035 5575
4426 2587
5458 2213
4493 4032
4511 5590
6299 4334
2600 5232
5826 4828
3540 3305
3891 1510
3131 3287
291 6350
2828 3596
1622 2377
3060 2251
4232 1445
4529 1090
1383 1994
4693 2589
1014 5959
3480 3966
3310 2036
396 4900
2343 4456
3888 2888
2634 4845
3765 5908
6303 1971
3270 3434
1655 5163
5260 5542
5297 6128
177 5511
3594 2034
1529 1578
5894 5920
1145 3394
4396 2012
5597 3188
2604 2820
2869 4788
3662 1067
6256 4907
4925 3722
2341 6204
5566 455
5912 6313
6207 554
4457 464
181 1317
4568 1971
1241 3733
2784 394
3178 1838
5515 3936
4504 2381
1182 6048
1350 5013
830 2491
3016 2707
2535 5171
2670 1638
2296 2198
2651 237
1618 1046
5919 4187
5212 3780
1078 1018
3124 2297
5866 3873
2815 1462
1789 3229
1114 2265
2934 5162
4058 4751
3491 4885
2155 5391
5000 401
1140 3806
734 4776
666 621
2067 5819
3499 4683
4394 344
5390 3509
1917 5951
3988 4659
4867 2762
3740 6116
4838 4823
1808 2669
790 1430
4224 719
4610 3796
4666 5353
3956 804
128 5777
986 3820
3820 4760
5945 5599
6009 118
920 4091
3416 3676
3654 4633
5031 4409
3200 271
6289 249
5849 1993
134 1260
4506 143
775 2086
4490 3769
3683 2419
5097 4397
2751 2468
4097 2871
3653 3074
1300 934
1842 2679
1112 5599
5687 4235
1223 1973
5888 5086
4382 2952
612 1315
711 3010
4950 4044
3057 4752
517 1070
2226 3039
123 2678
1886 320
4763 1940
4315 455
601 2513
216 3846
3031 3152
2946 219
5404 3309
4715 2625
1622 2609
894 2293
1570 6223
1323 3761
3622 5623
286 4048
2712 415
2723 3452
1104 5900
4367 1084
1541 82
2042 4338
679 2105
4766 1268
4427 1273
5366 2322
2384 1177
1430 6346
2543 488
3516 358
420 4146
1399 2616
4233 2763
4635 1819
5917 4688
1714 3669
4733 6073
2763 3168
1329 5473
1947 5809
5872 5287
5115 4411
2047 1072
5557 5858
2370 632
4437 5555
835 4073
2899 2837
4129 3
128 3711
467 1381
2389 472
6177 3974
3896 1217
4849 2639
5566 3515
3856 3787
3128 5626
4801 1454
2510 5038
1646 824
2519 6115
4265 3567
5303 4856
4070 3433
3851 4727
3564 2863
5801 5320
2043 2745
2556 3615
1798 2120
4440 1520
1256 5664
3246 5821
2424 1933
576 746
1331 6241
2424 3699
3370 5130
267 3610
3663 2671
4513 5659
5467 2126
108 333
4612 3493
5105 3604
4124 5999
5541 5835
5052 3147
72 4973
529 3824
2512 4081
5907 4181
5502 669
5446 1287
4451 6214
2117 2064
3681 6122
2593 865
4865 1047
6182 2862
472 901
3872 2293
422 3914
3514 3376
626 4461
1859 2747
5360 1514
4272 5645
3372 3758
5056 3007
1870 2709
1425 1464
823 1027
3976 1890
473 865
3615 1447
5640 193
5037 4409
1314 2657
5528 2911
5056 343
1236 2352
1782 1270
3244 695
447 1845
3651 1877
2801 517
5368 1803
4232 4930
4508 5973
5885 546
1858 1179
1340 693
5588 2457
48 2619
5706 3211
5943 2740
1559 5429
2872 4915
3033 1944
1419 2699
5801 2377
5501 1548
1683 5803
2965 2763
223 2580
3436 4162
2204 590
6213 4136
4695 5415
1660 5688
3611 2975
1610 2202
2004 1920
1722 5591
4974 11
906 1499
711 6049
3320 1963
5323 1046
820 4947
2019 2804
4259 3359
5246 5988
2333 1999
361 5414
4477 3681
5933 2027
2842 2252
2903 391
2105 833
484 2553
1421 4274
6290 5204
1510 2475
4625 920
5111 3462
665 3264
2336 3011
2033 982
2625 4492
5812 383
5906 3968
3404 2580
5098 289
4728 773
5303 2129
731 1096
1656 1694
6058 392
3562 368
5334 898
4939 701
6079 1960
4969 3014
908 5395
2919 500
772 3181
2914 888
5806 2931
1879 1252
4247 592
4087 599
2770 4757
6129 2749
4391 3111
4538 424
4133 5386
1847 5570
4633 5745
2735 2506
1700 2817
977 221
3975 3042
3402 2542
3791 6000
3329 4261
1672 4841
3799 5912
1478 6310
4161 1271
2435 2946
1659 5799
2808 5967
2348 5188
4900 5526
2624 3593
4560 5739
2138 3245
5692 6094
2909 4311
5310 2511
5111 4604
1326 2911
5889 5844
4225 2074
6356 1840
6207 5282
4400 2427
5333 3675
432 5207
5381 4315
5580 2901
2793 4362
975 3469
4477 3006
483 1228
1226 5508
2982 2681
5508 500
4381 4446
6123 586
6372 2886
6033 5616
4031 3072
3940 3881
2917 987
373 1209
5432 716
1498 4805
366 2092
1341 866
2157 4685
3260 3706
5298 4599
4956 986
4875 345
5253 5093
575 6178
1106 6304
4395 4280
39 4901
979 1182
1033 4887
2166 4599
5145 3633
5552 1539
4843 2960
905 1159
4588 6226
4311 485
2113 1435
3687 1025
3795 2663
3860 4241
3934 4514
3408 5288
2476 1865
2129 1913
3714 1012
1113 4863
3964 770
2763 5761
4621 712
2075 2923
2400 5030
6204 61
1746 2918
2599 3214
2255 340
5279 5090
829 24
4476 824
1152 3339
839 3204
911 1875
2869 2803
6140 1773
359 3253
1699 3549
5683 1738
5525 2135
3026 1338
961 6375
3094 4837
4381 3919
2783 3096
6053 2885
4360 2131
2982 805
4414 1373
4828 1636
1269 2093
6315 2192
1799 1853
3672 3308
5319 105
2654 4634
5642 3851
1542 1119
159 1152
2817 5574
4928 4993
2388 3081
186 4253
1406 2064
3626 4464
568 1365
1659 4509
4843 572
639 149
3727 545
4704 1619
502 2761
3198 3129
2822 384
4797 5636
5506 1002
5113 4025
1070 16
5789 5543
1590 2858
5974 3781
4628 3304
1237 6343
4292 2654
3384 1569
972 5481
2968 5160
1465 4623
2526 4555
5460 1635
4902 3777
3521 5257
2207 2608
113 5723
3704 2125
5796 5175
3744 2829
5103 4571
1284 2151
4304 3217
1633 2774
1009 5337
5407 4241
4348 1333
3685 4554
3513 2140
5736 4487
2803 1902
4319 3982
3938 3602
4454 4773
2856 2767
1194 5616
4885 5287
2664 1420
1083 520
3141 6273
486 709
959 5914
3015 2480
2428 1957
3730 1878
1929 2515
5304 779
5607 2751
4077 6153
3136 4373
2137 778
3741 590
5625 1356
1467 4913
4568 5412
743 1726
5283 1310
6015 5145
461 4979
5699 5749
2324 292
5007 5688
4335 2520
566 3824
8 2066
1266 3992
79 2701
2529 590
3469 2627
4342 3647
182 1045
4916 4292
4960 4004
5134 5652
3824 47
3346 3445
787 6076
5573 4979
1000 1885
2194 4433
1079 1137
5385 3875
3195 5800
5243 2278
287 4336
1184 6142
5890 2948
4547 2062
5454 1823
2087 4379
507 4522
3366 1091
3726 1349
3430 4896
2655 3154
6221 5093
3562 3617
6344 2445
364 1082
721 4435
5447 6128
2276 2447
2031 3688
3142 5895
4611 491
1599 5369
920 3513
5272 3844
4868 2445
5451 68
1416 3223
4469 5572
6040 3597
5171 489
5109 6172
3298 4196
2446 1285
2663 3951
1409 5423
3362 2924
5251 4451
1611 3371
1606 983
5178 1590
2182 5262
855 2653
1674 5663
4228 4915
5769 3756
5124 1680
4321 2003
2380 5492
2168 3320
1868 2249
3122 3220
3108 4702
2921 5689
5071 5138
1482 933
2107 5649
4419 1678
361 2642
4275 4002
3566 1828
848 6308
874 4166
5900 595
5836 4633
1245 2505
3650 2577
4201 6135
1813 1472
4207 5431
3146 452
4680 3342
5486 6060
4726 1457
1575 5967
6167 5998
4570 5653
5444 4307
4358 4421
3707 5640
1381 4874
4815 317
1532 5303
5977 3216
1739 259
1471 3271
2935 873
1741 3540
1986 3819
1272 511
6207 515
1020 5427
4100 3033
5577 4732
5650 5725
1596 5555
4003 469
4582 3655
2223 1186
966 2814
35 5474
5585 3315
6195 5696
4638 1294
1861 5441
3232 6148
1390 2823
1636 1438
6236 2064
1238 1636
750 890
5622 1566
3726 1955
4949 5123
961 3913
6039 3814
5752 1271
3027 227
3473 5478
1039 612
406 2348
96 4137
1330 84
2516 370
971 1889
4873 5328
4527 1932
2163 666
5676 4861
2919 201
5297 4545
3797 2647
3451 148
2676 1501
2266 4004
5727 1873
4821 2762
3921 1841
2254 438
57 6164
3733 5424
3917 3620
5999 3598
4940 5342
1930 956
3564 3839
4202 3032
1169 3207
3092 194
6189 44
3538 3916
5772 2619
2615 4695
1617 5364
6193 1175
1996 1834
5014 6181
3553 3611
1978 6259
4588 4625
6229 2281
5532 5522
2699 5968
6152 5286
3011 4390
1522 489
2335 4258
2250 1078
2128 4600
2040 6232
4516 3605
3000 639
5829 2021
3113 3441
1535 1560
2167 4961
4822 4553
5983 1911
6041 3625
663 1062
2904 385
4308 5522
126 4172
6117 2239
1921 4907
5347 2337
1526 5876
1220 3549
3316 2794
5336 490
812 5812
3995 3953
3967 1159
1502 752
1492 1356
1441 498
6269 5037
5181 842
1417 4147
5245 986
2594 975
6315 6290
4264 5993
6170 4362
942 2458
5417 2458
4743 5205
738 3277
3056 3321
353 3720
1573 1379
2845 5588
3507 5487
5740 6218
314 4802
3723 2451
2174 6235
5478 2584
4778 5749
682 2481
4665 266
2270 2812
5601 6284
2953 4242
5146 1593
171 4403
4217 3404
1332 4541
3853 5927
1278 4999
411 58
5092 4905
4191 2358
4494 4682
734 6356
1910 924
4190 2053
4097 5693
4297 39
2454 279
5373 2666
4455 3443
1888 2483
3667 1724
5626 2985
3825 1615
4556 2255
1643 2990
3608 5477
3256 243
2985 1634
3747 5335
3371 5755
873 1755
3244 1897
4536 360
439 1958
391 1469
603 3587
2621 2552
6330 3157
5220 146
179 700
3576 2419
2963 276
5857 1494
2339 5
123 4262
3953 3418
112 4061
583 1900
2984 1580
4286 5767
658 5795
4227 3155
1126 1521
1083 6363
14 3145
4699 4749
5357 4011
4577 3251
1760 1303
834 5679
2097 1358
192 432
68 2266
810 4457
2476 635
109 2154
4733 1898
3591 2252
4653 4106
3248 4719
2030 1005
6189 5066
5932 5989
408 5735
3078 5337
837 4602
5105 2366
1147 6059
1651 5454
456 1070
1913 4856
4236 3009
2331 760
5534 924
3841 508
3994 3774
5469 4256
1663 263
4418 1227
4027 322
6187 3735
2359 4128
5201 4529
1233 3838
4270 3347
5595 579
3381 3384
545 5497
3517 3380
4126 2088
598 4985
5256 1097
97 6039
1341 3824
188 1353
3450 6351
1856 6255
6136 2643
6179 1429
381 4192
1833 4598
3925 2561
5820 4020
5194 3599
585 3706
4955 4029
1914 199
4275 980
1199 770
2843 4099
5066 434
2971 3562
6115 223
4324 5074
4320 2598
4781 2437
5967 5787
5012 6038
3003 1094
1276 4692
2431 4710
4897 2292
835 4954
3172 399
2498 5281
2318 2498
2093 428
4750 1342
4393 1636
3385 4426
4614 3545
2551 4620
1114 4796
4265 5902
5082 5626
5237 1679
4479 3854
4537 2904
4758 1549
1433 738
5175 2885
3944 1692
3161 1437
5535 5499
4979 5295
671 1838
2880 4445
1023 3707
700 4733
1420 477
1751 179
4997 6261
2790 151
2824 3832
6003 5514
5094 713
5595 4517
5129 3189
6096 2115
3991 5310
2283 2977
4488 6032
4648 5533
1025 4767
3252 437
873 4159
6290 1488
1710 550
6347 3547
5307 5419
3320 713
1096 2615
1855 3990
1470 5098
1986 2241
4540 52
4427 6121
1977 3698
3922 860
11 6254
478 4069
2825 5827
3243 3055
5803 678
3476 4707
5944 2394
3885 6258
607 3875
3725 1874
2994 3793
5737 5519
1699 5201
1288 2546
3031 6208
2041 2429
2725 5017
4278 6074
2775 2016
380 5116
4281 3093
566 1550
1383 5544
5968 1935
646 455
1238 1840
3295 2830
3824 667
2928 5581
236 6031
4317 1630
1075 6368
157 3400
3442 6104
5017 5478
2257 4651
2821 198
30 5501
4767 3987
867 3216
1810 6325
1873 1275
2864 5582
5348 5969
479 5097
5631 755
3941 2838
1254 484
1815 1353
2460 822
3661 5395
2056 83
2609 4484
2253 1466
5885 535
6059 1374
3063 4530
4345 4057
3642 1662
691 6132
1154 4036
252 10
2848 2611
5325 3514
4697 461
433 3989
318 2458
969 764
432 639
2185 5383
4468 3787
2997 5774
523 5178
230 985
3262 3398
4781 4684
5246 3541
1054 4608
4338 3606
1597 5765
128 5277
1511 2817
5658 5991
3236 4063
2533 3281
2259 1953
4580 927
843 5296
595 140
341 2995
672 5352
2895 5176
5714 5158
5983 3219
1056 4940
4250 5889
1401 6191
4156 4347
5344 3359
3667 2261
5828 5150
5637 3792
4011 1294
2562 4615
3293 2088
384 1608
2373 4188
4176 3043
1691 3004
6009 2257
4628 5878
5035 3076
261 4671
413 2616
5886 3808
1736 4392
6030 4407
1066 1620
5766 3746
5439 1051
1436 6250
1607 3150
5952 2803
5348 2220
3579 512
810 6082
1197 3336
6273 5261
1193 4401
1442 3310
4496 1398
5009 1025
2929 6041
6226 2231
1918 4486
1710 5143
5096 382
6222 5492
1784 2881
4348 1219
940 781
3958 5630
4909 309
1418 2855
6367 2766
4675 4665
5528 3417
5349 6166
1962 60
1717 5639
4587 2403
2387 3369
1784 2536
3740 4722
3755 2229
1803 3985
1405 4261
6106 1248
4493 2876
2843 2713
4108 5699
430 469
2367 1657
821 3794
451 5247
5767 1844
5241 1536
1345 1708
1533 2680
3232 4289
5170 5503
94 1810
4005 2115
1156 3486
5556 3464
5188 3213
1384 3568
2029 4520
255 319
2799 4484
3274 3730
916 1934
1742 1690
3590 4183
2716 3045
4036 956
5483 6122
4461 4608
549 4337
3994 6355
4919 4361
5866 1798
2069 3401
3981 6022
2868 1930
293 2849
3204 5464
4826 5546
418 5357
403 344
5187 2554
5215 4573
5275 1382
6120 118
4224 2973
1271 1803
1820 3928
5328 4288
2389 729
547 6329
4079 5409
3288 4788
3093 5236
548 1815
2338 2682
4128 127
5680 1722
5436 4653
5569 2037
735 2804
1593 1621
3441 2293
2274 1415
5499 4100
2848 1558
4663 2189
1823 1029
1601 2037
1804 5651
1633 5217
1442 2756
376 1310
2475 155
3913 6214
2551 587
5632 2358
2793 1928
6200 6192
4555 278
3713 2295
5122 5047
4738 2530
4198 5508
1339 4595
3795 4450
417 5269
4534 417
6364 4808
866 4676
2495 2571
4328 3630
5718 831
3679 2452
5559 1652
568 6012
686 5720
102 2200
2873 3071
6076 3202
1549 1813
1842 2848
6048 3322
2603 2674
2805 3319
3282 755
2152 3478
3754 6274
3305 4557
4278 3242
5169 3149
97 4557
2038 1641
5683 1076
1685 1656
1017 3420
4615 1364
1304 2888
1324 2039
4377 2616
3155 1088
6307 5899
4260 708
5537 2300
4896 6163
2354 3701
591 1175
712 1231
3323 4765
3535 2893
304 2607
4732 6287
2939 5027
922 354
1329 5443
2128 5843
6305 5933
378 1570
1542 1386
5479 4483
3125 3465
5242 4090
6005 2462
2919 4198
2646 3392
1996 4284
3500 3752
4734 811
5153 6006
4828 628
2665 3975
4173 4996
2734 454
2705 556
1962 874
3578 5187
4695 4550
4300 2421
687 4512
5140 2221
5099 1895
995 3514
17 1212
4812 1375
3336 5662
3017 1622
1767 4622
407 5003
5047 754
798 3247
58 5682
328 1122
382 3243
5898 102
589 3493
4532 6307
307 3945
1455 2020
1931 6357
4992 336
1160 1181
482 588
5612 2988
1172 3202
2275 3930
4208 1742
3672 406
5422 5712
4945 6108
3166 5058
6126 4845
426 5355
4357 3768
4550 1916
2455 2779
6354 6004
1388 744
1519 3459
787 547
963 3850
4344 5431
4298 5765
5960 5547
5653 5793
1659 1323
6257 664
526 1694
4076 6176
4114 2277
1361 944
253 5111
5834 165
3869 6099
5241 129
5651 6305
1618 3894
4125 50
1404 3646
5954 3753
2614 1031
2144 5332
4895 3716
776 3441
5127 5485
2834 92
6060 3570
934 6332
4685 4977
2503 1067
4200 4995
3769 1546
1698 3887
694 2466
3524 5121
3641 5844
806 3129
3119 2260
1448 4648
4872 2991
4980 4304
5931 4602
5534 3285
2738 979
1786 1132
4374 865
4688 4829
2684 1057
1712 1765
1079 1557
2248 3286
3184 6239
2473 4881
4164 4114
4800 1672
4451 3063
1315 2407
1934 2832
1891 2974
6372 6142
3260 1583
6061 3357
3998 2163
3782 3079
2600 60
898 3813
5061 3839
957 2693
4994 411
2269 6117
5669 5719
5380 769
1828 203
2689 3750
4193 3778
5349 1711
1144 211
5761 6209
2054 1962
4713 2713
602 1981
2720 346
6360 2612
5355 6044
3108 2432
3623 4216
3938 2018
121 1291
2586 3826
5524 126
907 3995
3075 5679
5691 3165
309 184
6087 2198
1980 1417
4902 4256
1018 4086
1835 1978
2494 1357
2935 4330
5051 769
92 498
212 4310
5412 2354
6197 347
1851 638
462 4773
5935 2998
5087 2852
3029 1490
1174 4944
2624 4319
770 4390
4398 4847
2437 5329
3126 1989
5782 4382
2798 1754
5836 1220
2757 4813
1796 4107
2353 818
5687 3657
3289 2171
4912 4641
553 910
2486 4883
4483 4098
4134 2182
5444 2557
2195 1797
4543 4395
1392 2143
506 6260
6000 2238
785 2083
2348 1368
4840 5160
4715 2537
331 3745
6320 1190
196 5971
3071 1855
4535 6044
3651 883
4257 6042
3046 28
1735 1790
1088 2570
5790 2809
1619 5319
2606 4811
5808 1649
80 3141
387 1547
4189 2436
4751 5222
101 2321
2010 2404
5008 696
128 5496
1733 4907
2518 356
6223 5683
2060 6103
6253 4789
2577 3100
2275 4590
5767 4536
981 2616
759 5122
5791 3920
5793 4647
3128 3325
3013 5730
5556 1554
5678 4284
4175 4910
5546 3877
4195 654
5501 80
2305 446
2190 3598
3515 4586
870 4919
162 5305
5033 2566
966 2393
6157 5922
3400 4430
4382 5734
3112 4710
3374 567
3357 3828
5405 649
6291 509
2672 6028
5259 5702
1883 3100
5408 4172
6047 3699
2724 4470
5609 2063
6257 863
3478 1688
6351 2399
2358 6276
3054 3471
248 4709
2591 2855
3178 1546
367 4527
5751 5594
2629 2386
3170 3694
1779 2193
4151 1166
4465 1028
4007 545
2573 1996
550 2789
5235 3394
3775 580
2042 186
3536 3709
5154 5493
3483 1837
5348 5982
3502 4383
5415 5903
4878 3081
416 1628
4251 718
2188 448
4544 2858
1892 5332
3132 3077
2050 1704
2545 5988
165 3478
1289 1319
1525 3807
381 4628
5065 5223
6120 3694
5573 429
2916 963
2505 561
858 5147
308 5297
3297 2620
5921 4386
6347 2423
2337 4756
1092 2777
6219 1147
5004 2849
1630 6013
429 2648
208 5827
5525 2024
3428 2641
1123 2986
5346 1577
2527 127
1225 2132
2297 4157
2511 3876
1927 3912
365 747
1592 4788
3379 1409
3307 625
846 2340
678 2992
6196 3933
1756 2917
316 2293
2982 912
3732 691
5116 4784
5350 237
3882 670
847 3701
5077 1525
4538 703
2077 1984
3282 2440
2830 4693
4559 880
4322 5697
3223 2049
3857 822
2301 6040
4013 4194
2855 5257
6075 790
5960 4355
1980 4753
5123 3395
2380 3007
590 6356
6071 568
4643 4827
2405 3272
5483 636
802 2514
2037 2683
2631 1650
5376 4889
4977 4171
5886 6207
5644 1195
4787 48
1842 4983
2279 1668
3959 5095
369 2439
3523 3787
1910 4287
2181 5062
2742 3810
4288 4548
5398 3100
3237 3339
1125 2846
168 5452
2446 2881
4823 288
636 3575
1960 3981
2172 1393
6149 3246
1213 5824
87 1954
6161 3606
509 2462
3367 912
2685 319
5428 2282
470 6374
6087 3721
2590 3742
2579 908
2501 2016
3805 5587
4381 397
4068 5054
3002 6318
3912 5656
775 3413
2556 558
2900 665
2313 2827
558 681
4706 3596
3616 6083
4199 1876
5276 3117
3712 5808
5745 6065
3146 2733
2440 573
4343 1653
293 4134
2450 2443
5606 6250
2326 5189
4645 1805
4741 4302
5825 5966
820 3245
6022 1517
5258 2106
4393 4391
1215 4846
1516 1609
4338 5148
2452 4478
2957 652
2200 1046
617 3593
4037 3249
1070 4085
866 2578
3872 4798
1977 1968
5280 4457
1938 3952
856 3098
5749 4779
5002 1188
994 3938
2848 2484
3961 95
4682 5563
3607 3917
713 5893
4756 2016
2690 2308
1042 3969
1585 4209
3863 149
1146 2335
927 2391
1024 4894
4824 4297
4775 3694
959 3431
3444 1553
156 854
1179 3776
3854 5776
1217 5204
2419 1508
2093 4290
3899 3148
5682 3702
4609 1022
766 2044
2548 4531
4968 600
5213 4629
5064 3587
3264 398
2728 1904
4038 3207
3359 956
4223 5128
6258 375
2720 3959
6172 2449
1226 2334
2615 6211
3922 4725
4018 5428
147 209
3293 239
3506 4884
965 3171
5438 2724
2805 4072
1108 452
5420 5911
1160 3682
4576 2905
2301 917
3049 371
4784 4254
1771 1030
5195 2951
5628 5309
2095 5735
274 1471
4410 3201
324 5260
4551 6222
3018 5861
2156 3439
135 4230
2897 4407
4320 2460
4453 1425
1557 323
383 1884
5801 4928
5945 608
3107 1233
5798 2636
2327 4876
3541 5421
301 3119
419 3974
4667 1385
5918 3796
3300 4135
6270 4709
283 1892
2713 1818
3705 6020
613 4799
6267 955
5788 4518
5972 2965
3081 2496
3198 2830
2678 3321
531 2623
6331 2812
3002 6160
1747 5009
3337 622
6032 5978
3983 6143
1978 334
3011 1176
5476 5885
1827 1693
5361 1600
4152 1368
6162 2954
3877 5620
2665 460
258 4309
3084 2975
5739 1097
6328 46
3301 3888
2763 5773
5014 1499
1043 120
2898 5153
331 5537
6044 3684
453 4262
5921 1587
5435 4245
2052 3361
4122 5328
4930 715
5560 4642
3622 1300
1480 1428
4062 2890
4006 3842
4626 3682
5627 5439
6199 4784
2150 4924
3187 3239
2878 1293
3534 2506
6141 1733
6234 1686
5228 2061
1313 822
4131 2497
1387 1206
3492 4793
3517 2270
5820 1128
5570 1494
3062 2315
3867 336
1749 4329
952 865
2345 741
4034 2150
5438 1429
2526 99
2160 2683
4119 3514
2298 2661
6252 6323
1661 3927
1860 5045
5543 3807
2840 2107
416 4957
5189 4502
4200 903
4764 3089
4683 4963
4770 5358
1403 5565
2344 2005
5607 5805
1909 4179
4441 1294
3092 4467
5877 2411
3793 3695
4116 1788
6338 436
4392 2240
6101 1424
4137 2831
3546 1432
2068 124
4473 4718
2070 1424
961 2781
3665 2826
5258 1301
5100 330
426 4127
2601 3729
5739 2938
5389 2800
6332 3622
1336 1827
4744 5842
1310 816
5105 2679
2206 3023
917 355
1314 2196
3712 3353
680 1690
4029 4015
793 5650
4367 1453
4582 6088
3798 1506
4899 115
3586 3436
1540 49
6105 1428
3388 2935
5617 4799
183 3450
1870 560
3573 5775
6215 6083
40 5023
7 5518
330 5638
4246 1342
2264 3455
5915 3013
2563 1144
3918 4231
2830 794
4619 568
4818 944
1481 6366
2406 4733
4145 551
3724 1502
1482 553
1205 4818
3044 855
2411 1227
3291 1714
6271 3775
5515 3034
847 1218
1487 4309
4215 6260
4495 1647
176 4171
3101 1979
3456 424
3864 5330
2447 6037
5235 4425
4438 6252
2512 4519
6003 2870
1961 2899
3638 1927
5252 1814
2278 6077
1039 1183
3039 2535
5254 3883
3308 5329
533 2155
2016 4966
478 6003
1794 2077
4050 1103
877 5889
2485 2973
4745 1859
1366 2042
4218 5781
2280 6083
73 4240
2017 333
6265 5874
5374 2372
4071 5302
2454 4642
3882 2874
4311 2559
2642 3268
5830 5721
5463 5938
803 4515
5086 1756
4333 5388
2153 1706
3323 1664
4515 5746
662 4147
495 3325
1081 1932
3104 58
6354 522
2754 5951
818 3671
511 3326
6256 3659
2025 4709
2776 2512
5503 2618
2851 1964
3759 4110
1635 3827
245 4086
675 1422
2362 2112
2991 4115
2219 5742
4174 3907
3789 347
1563 5501
1125 2165
1011 4494
6025 1913
3802 5296
3708 2140
6152 109
4459 5936
3370 3310
3077 4513
6122 468
5620 3482
593 5381
3448 3612
5274 374
2568 4054
1831 59
5459 3769
7 4626
20 6294
1378 1825
2130 306
6348 1385
1058 1317
1034 5904
3848 1491
4690 2432
4535 1836
1866 2341
26 4203
446 2994
3424 5461
5080 729
3547 3840
1705 2452
3703 4097
4228 5872
1137 5832
6157 5862
1247 6173
5660 5906
84 90
2627 442
6019 555
4506 1479
4835 1396
5179 2740
2867 3725
924 4620
1441 1444
1553 721
2412 3261
871 5202
2050 4164
565 1706
427 3661
1090 315
2813 2461
3336 857
6323 337
5291 1008
5459 2019
522 2074
816 5876
632 1545
3515 256
4190 5432
904 5176
3790 4970
2018 2119
782 4617
5735 1769
1734 1394
2012 2885
6145 3284
556 3417
759 2384
2260 2746
2328 819
5549 1069
2351 5192
465 3633
3963 1031
3437 6017
89 3582
5397 2116
4060 4735
3817 742
2558 2697
1334 4193
1452 3456
4769 2225
4145 5233
1697 711
2952 1343
4713 6304
1478 1555
131 865
2336 2523
3667 4823
5012 1696
2786 4656
1501 1050
3936 163
3588 1721
802 5285
2450 113
1996 3689
5076 760
4961 5624
6111 1338
4573 5585
1250 466
1842 1269
2712 5718
251 4212
4973 1957
1901 2327
3719 864
2722 3666
5312 3196
2442 853
5417 195
2057 4893
2739 4774
4979 767
5162 3353
5127 5102
3154 4677
1242 4885
6285 5226
5516 5043
5953 5832
1497 1843
4902 3871
3939 1139
1836 4127
3106 1297
5263 6220
2187 196
1955 6285
247 4221
2247 1576
4935 2771
25 4119
947 4307
3423 1410
6200 5556
5131 4804
3044 4722
5048 3636
4079 4817
3667 4556
2035 67
1350 3436
3262 4312
3953 3728
3340 1589
2443 646
1840 4510
3886 4121
2860 3510
3603 5544
5338 252
4782 1091
192 1956
5704 432
4855 1893
137 1371
4059 482
3273 4123
308 2027
1096 4380
2392 4330
630 3833
4018 2620
3437 4550
501 5850
120 254
5004 5262
6357 4793
2428 993
1882 2414
2439 151
3130 217
5924 5934
2360 728
97 4505
1594 4799
1224 3325
1878 5600
209 2705
643 4972
3158 1674
2058 3974
1229 2581
5103 5497
738 476
4308 2715
1280 3142
5954 6327
5929 1493
4766 5738
6341 1559
5614 4697
1456 5835
4692 2232
3427 1774
3363 1393
5730 424
2817 4390
910 1028
4614 3677
477 2229
698 287
4474 1217
266 321
1026 3884
4128 3531
6220 1045
1152 5792
89 4604
2660 5663
1120 4902
655 1107
5081 1926
6096 2282
5848 3051
4349 6246
3183 4465
4563 53
3581 651
5336 2371
1950 2210
1682 5389
3253 3944
687 1611
5490 285
3696 173
3211 144
2312 2927
3812 1971
242 2077
95 4985
1749 3630
4278 4584
5912 6191
4658 521
1766 3313
4488 3443
2699 1195
4905 5068
2629 517
2182 5249
1830 4189
1792 2346
5827 342
1767 2964
5182 5677
5046 3690
5756 3474
4130 6137
4462 3974
5498 5800
3899 1035
5346 4796
3990 5540
2683 4663
2070 670
4413 2753
6222 343
5128 5768
5746 1264
1058 4742
6368 6230
1776 330
2021 3105
3251 3695
3047 2109
3021 5525
726 3959
2507 2950
1423 3972
649 5041
1760 851
5572 2135
5336 1598
4185 1308
2704 4471
3625 2020
1459 4244
1803 2853
2204 6107
5434 5173
2617 441
2470 5883
3451 1017
4394 4294
1769 3776
5641 3218
4405 3436
1291 6021
1726 5918
2101 1918
2348 5384
2818 1144
6267 6043
4453 5499
2200 5266
4701 1203
2425 3214
3746 3889
3124 1311
3861 765
3650 1883
3594 731
5989 1591
1645 2797
3940 1703
78 639
4933 5874
3967 1843
2162 4246
3722 2632
4973 2938
1175 5847
2473 2838
2009 5947
643 3644
5528 2400
2776 5216
6327 5313
981 6178
5899 577
4257 4932
1196 2727
4627 1667
4760 310
1455 4614
2844 2235
6171 792
2079 3156
1427 3091
5657 4303
5768 5354
5437 5039
4640 2381
401 2720
2518 1569
4814 1376
3215 275
2841 324
6006 2961
4103 864
5852 2930
3172 6086
1309 5212
5244 6300
3522 1357
743 1092
4441 989
3069 188
4654 853
4047 33
4169 5239
6244 6154
3614 5080
5701 115
1080 1686
2613 4847
4606 557
4120 2667
4003 4222
4615 5377
6320 141
231 154
5754 5844
2572 1129
5123 2045
4609 2463
2277 6324
2581 892
5854 822
4883 1033
5942 3060
1471 850
5126 4735
845 436
6098 681
192 4144
2361 1060
4880 5806
5265 2967
5562 4980
2733 797
6359 4084
783 1195
4444 775
2796 175
901 497
3915 832
5077 198
1000 636
5567 5767
4396 2996
5749 1538
62 5683
1937 2070
2111 4509
2047 3003
5130 3766
4671 631
57 1438
6081 995
6330 4014
5887 3203
2091 4579
5201 6067
962 3731
662 5930
656 95
2412 1592
4906 1888
1910 4432
604 6297
1065 55
2818 1461
3546 3654
176 3903
5178 2903
412 1200
3969 3499
5758 578
1249 3711
2806 561
2195 1795
6300 4331
3258 6205
3005 4602
5487 2795
345 5716
376 1404
658 480
4569 2037
3759 3225
4562 6203
4202 2366
2066 3229
5474 3742
3709 5899
4396 1071
429 5295
1267 2312
978 5517
614 2659
598 3993
3054 970
4433 3771
3871 506
1141 1287
1235 1681
1959 861
5592 270
1833 2610
4652 4311
867 2392
2531 951
3968 4440
3309 5985
1301 5823
757 2525
3723 4005
1265 3470
6203 5648
1276 2973
4393 5578
4841 6353
1128 6174
2980 1911
3140 3588
2677 2161
1840 5601
5810 1579
2231 389
2395 999
2662 2383
562 4208
6279 6016
1724 6018
1568 2677
4976 2851
3778 1746
6080 4336
3227 4196
4696 2312
4503 2943
1062 967
6133 2887
3382 2696
6255 5169
3574 2592
4286 5890
163 4830
6163 4752
2245 2061
5892 137
2730 505
3412 2953
6365 3529
4962 6103
2949 2678
5948 4839
6266 2838
3927 968
212 4451
1969 1290
1011 5563
3347 4569
5025 3763
4074 534
3863 2322
2787 1836
4412 4758
1016 3558
4164 172
5803 5513
3130 5101
443 4327
5026 1018
1741 5648
1814 328
4048 2060
1619 3254
1038 3904
4977 976
1153 1465
6124 2553
471 4951
1555 2403
5094 4073
1919 1188
3823 93
2425 1448
6012 6123
320 2450
4942 4452
3948 5312
2605 2618
1221 5664
6145 774
3210 2205
4910 3809
926 5023
619 185
2813 537
2043 613
4121 3757
4446 109
2071 3641
2376 1496
1603 931
1995 5196
3970 2467
6334 5989
4557 2528
4606 2191
5308 1603
2682 673
3326 1712
2776 513
956 2999
2807 842
347 533
2615 5130
2585 5868
5694 1498
1045 4752
1324 4295
543 544
3445 5079
1282 1575
4783 4319
5067 3257
6207 5996
668 67
717 1670
3542 1148
3073 4346
1368 809
3210 644
850 1705
3892 3674
4679 5675
5250 240
3277 5423
5289 4154
5329 5494
1059 3932
941 5232
3226 2627
3927 2054
5107 5219
301 2008
2130 3861
4088 236
4761 2932
651 4079
1480 1537
3800 2590
4022 1028
5600 3734
1149 6095
2818 61
2355 2820
6078 726
2737 3448
1046 1458
6051 3438
960 4737
6326 3938
1642 597
4906 3429
1329 1597
3041 2560
1005 1163
2522 5316
5885 1434
2925 4051
6345 1063
5923 1963
1458 676
5106 5067
4467 63
3045 5161
2065 6072
5654 5967
3678 6011
1065 202
4305 3992
5013 6342
2955 5390
3294 6335
6141 478
2928 1003
153 6264
1821 3888
2762 4370
709 1669
6023 5309
2948 956
6248 2373
4339 35
2107 5136
1850 6242
559 6305
1169 1120
5941 3638
2279 5840
4279 2132
2421 4699
3340 6114
2839 5551
4463 3942
3739 1831
5848 5829
889 825
5261 3015
1861 6336
1124 526
372 1266
1358 585
644 699
6100 4700
4546 5717
3535 5113
244 3002
4834 2842
51 958
3767 2956
3033 5898
4045 4227
2203 3054
899 5143
1967 6100
5228 3085
5671 4212
5071 4858
3247 515
4536 4259
2533 1947
6359 3068
5998 2379
3751 1013
1956 4339
681 5523
2913 5132
2782 4709
1820 6291
6181 1803
2323 1762
1493 5487
2187 2905
665 3118
1736 2668
3738 5948
2023 5516
4220 4882
3263 4652
3602 4103
3995 1809
3051 1004
6244 1819
3629 2481
6301 6152
5580 2788
5478 4549
1798 3534
4918 4219
1263 1352
2016 5146
2924 5207
6239 43
496 4867
2367 2176
869 1380
4419 2942
5273 3873
1850 2459
1527 6179
3234 4158
3296 4546
4904 3506
1875 1048
1228 6238
274 112
1315 974
5123 119
5041 2342
5387 662
2901 739
3013 1236
3020 4957
3412 5776
2778 4512
5248 206
4759 3749
4507 714
4701 731
471 3061
1833 5766
3226 3345
4776 2332
5541 1014
3331 1319
2643 5916
1991 1022
2041 987
2620 5483
606 2381
3579 340
1576 1445
3495 4414
5996 5650
5481 4164
1070 3800
989 1911
4851 3455
5647 3810
2816 4773
1412 5206
5448 702
2013 5977
4746 3493
6138 1880
3167 1718
2974 5046
5643 914
5042 4227
236 6199
5922 6015
2574 2289
4186 5434
1058 5529
5531 3449
2197 6147
3581 1783
2771 774
6233 5753
2109 4449
3220 4960
2917 2548
4528 1303
2906 4125
386 1522
3754 4968
2052 660
2590 5418
5653 2594
5055 295
3215 6297
437 101
414 4306
3722 260
5463 3189
1153 2761
1743 5824
1173 4158
389 2628
5131 4745
6354 1527
6014 1726
5789 1813
85 3195
3217 5298
6329 3768
1284 108
4956 720
4727 3399
2063 1243
3700 6073
4661 1833
3417 6262
2612 405
6331 3517
1369 5733
1219 2681
3287 543
2702 5001
1035 3568
3197 4588
3600 614
3571 4607
22 3510
4054 2382
4930 5624
3020 532
4067 516
2598 2398
6066 3048
4189 2921
3893 4382
1692 2151
4527 4160
5357 1604
4252 4835
780 5158
565 166
497 228
5653 4836
2158 4602
4610 551
3104 970
5230 3520
3532 6001
4849 5463
4702 4567
603 4852
2449 13
1351 4927
1278 685
4621 5178
3096 6068
2768 564
2595 6042
3919 2518
5313 3753
2831 4604
6093 3634
3190 4783
5117 392
2909 3222
4285 2281
1703 2806
5711 1953
6345 5403
3177 2755
5218 680
2358 1066
783 4336
4090 1909
49 3943
2484 3660
6346 1763
2747 2394
4296 953
4748 4928
4819 4954
2464 4285
4705 6117
5972 3891
955 1911
2284 2779
4132 5869
4422 1006
3660 1104
3849 1948
147 5680
2417 1739
1763 6369
3692 2981
5857 3615
5833 3846
4937 5701
1854 2731
181 100
6 5758
5456 2102
5264 2992
1750 669
625 5564
1630 1515
1704 6134
4657 463
3425 5587
2812 2596
4410 3145
4614 3215
3136 2213
3656 2900
3267 5876
4078 5753
2997 3676
5110 4206
5053 3123
5377 4488
4765 3504
922 4072
5079 5971
3186 4601
4019 2332
242 2756
5724 1345
4465 5133
2802 2422
1150 6263
5698 5026
299 4002
559 5972
3796 1979
3901 5468
4543 2769
2160 4552
2114 1191
6122 5050
5950 2624
2257 1407
2935 1360
2397 2026
1161 4079
424 2610
1507 238
2233 4879
273 348
4374 2841
3142 5341
4340 4199
4184 6067
5417 3142
2784 975
4723 1741
51 1472
3528 909
1093 1928
2638 4799
23 3231
2467 616
2648 5531
1258 4926
5402 804
3939 4246
2556 5378
306 5039
1107 3873
6231 4012
3667 512
6133 3277
5496 5665
3388 2013
3130 4156
169 159
2268 4485
1539 861
1316 2726
684 3417
4673 2255
1551 1900
4282 372
1525 6184
6375 4670
5633 2417
6190 4001
709 5032
2866 3274
5934 1328
1121 5931
5677 3099
1010 434
1644 760
4475 4574
5433 3881
3158 2660
6079 2288
5553 3743
1425 677
2521 2275
934 1689
364 4205
5010 1152
1562 408
3019 4371
5538 3599
6302 171
4878 3739
4174 828
4170 652
6026 402
4469 5802
1466 6237
4458 3258
4729 5786
2811 2966
3505 4090
325 2593
905 1843
1314 1585
6192 2285
2176 577
6322 3198
1306 4065
5532 1540
132 4369
771 5100
5676 3725
5777 1651
3358 3393
4139 5753
1039 445
543 339
5550 2908
5103 3727
1790 791
2365 152
4129 2065
1109 1791
3447 2705
4372 3330
1111 2680
3315 3995
3 718
499 2559
5025 6298
3838 1943
4007 609
4108 5646
554 4559
1299 1995
2205 6313
5097 5688
2579 4221
1053 2108
226 1374
4697 6240
920 2267
4708 5478
1261 3617
1500 2888
1701 6102
895 4972
2502 719
4102 6153
6100 1626
3273 5431
1801 4743
3589 3304
1993 339
698 4850
3985 6310
88 2937
2554 3196
2757 1753
3933 1061
150 5325
222 3660
2760 4443
5390 4271
4986 3166
2799 4553
887 16
4505 5044
142 4908
294 763
4303 5359
880 5729
2940 6095
2091 2939
1537 707
3827 696
4761 1871
787 6131
1455 982
51 34
2411 2455
3 2345
2154 3328
3539 1616
4695 4443
1481 4298
2295 2989
12 5382
4738 832
6212 1414
560 2237
5861 5462
4065 2097
5955 3809
1908 4935
1781 4387
4295 3970
5099 5715
457 1683
3413 1994
2349 3392
1876 2152
2681 1095
4017 3964
1817 2669
1796 1362
1608 633
3046 2260
5233 5151
1582 2545
2100 194
5153 1695
4817 3377
277 1748
960 1149
1532 1913
2343 2371
1516 6236
5818 2655
3143 5991
2240 2889
5433 201
1960 2583
4430 299
6134 328
1716 1283
5251 4173
1854 5961
5918 1833
5677 3528
1106 5014
5290 2902
4210 3312
4416 482
6053 5087
3320 940
4334 4732
4732 932
5274 707
3789 42
1834 2375
5802 2415
1447 3697
5842 2430
2959 5165
4451 2258
4133 4227
4099 5928
122 3489
5742 6267
1774 2365
5938 655
2005 5692
1136 3390
2078 5437
2536 782
6148 4040
2170 5745
1571 4242
2221 5437
2704 1881
5548 780
833 1064
1987 4082
4592 5015
2247 5224
788 5613
2110 5026
4523 3250
4892 3782
24 184
1922 298
3333 625
3779 701
3193 1130
2260 1269
3411 5017
6094 2961
1476 2097
5248 1561
4155 3354
2993 2543
1438 5635
1449 230
5665 5590
4579 1531
6288 5118
6306 4367
62 5982
51 4498
3159 3275
5365 2695
6249 5994
1238 832
4296 4051
4142 2919
6075 5813
6097 2569
6234 5166
5825 1586
4380 1153
6206 176
6205 2224
5986 6156
2541 2672
3325 788
1294 2323
5335 6052
4105 3725
3470 2537
1926 6368
2260 5272
4309 3717
78 3952
215 5831
4778 5704
5968 2576
1160 5768
3440 1096
5350 4792
569 5960
4197 2310
653 5545
5930 4291
2033 3695
3729 3748
2154 3224
3494 2742
4734 4219
267 1298
5073 6150
4318 2225
1908 5745
2922 1165
1745 3894
4834 4704
525 5797
3745 139
2578 5157
3506 3431
3473 3649
1405 5195
1143 1869
3833 4644
6253 4423
944 4053
352 5251
3280 3000
4978 858
2291 6138
1844 2103
4835 3924
4430 332
5035 3912
3380 2208
5934 525
1981 3350
5597 4487
161 3164
3609 2493
1469 478
3481 779
677 3484
6110 4929
1140 2478
5265 4571
2605 1682
1197 4199
594 2369
6209 1915
1073 2970
4751 2700
58 812
5873 530
1076 2356
1383 721
6319 5276
2978 1040
6232 3551
4676 886
2831 2685
4113 1469
1397 1214
3426 1486
539 2166
2759 2768
4343 1951
4023 3088
574 1679
5738 4698
2772 5323
4364 3340
3524 4751
5762 379
968 1962
4942 881
3233 5948
4088 2191
5704 4723
2492 5891
5004 2785
5427 2598
3183 1482
2384 1773
5278 3946
5998 6259
1667 4231
4831 527
2201 5823
3664 1127
6342 5219
2663 5647
5121 5062
3056 5629
4723 3412
1204 899
4650 3806
2360 3108
3344 942
5703 1902
36 5060
3862 601
2190 1441
1438 5464
1972 2241
3874 1149
4135 3343
5424 854
4649 4316
1143 2313
2738 2148
1125 3654
6104 4264
2673 3803
1252 3409
4935 6065
4956 4226
2899 1174
4262 6168
2370 21
107 2319
1344 1435
2821 5029
5207 5443
5165 4089
5002 3386
3712 2889
6046 1832
1030 4798
2524 5469
1542 2964
3081 5229
2510 3999
1415 3881
3056 5784
2861 787
440 3957
1068 5423
551 5730
5509 3368
4111 5709
4283 5444
1265 1279
5203 2866
3849 1314
5729 5095
3079 2639
5292 484
3908 4694
1748 4436
4095 3064
2868 1376
4537 2565
4938 4423
3345 3225
132 1343
4289 5270
5494 1359
358 1203
1151 6292
4730 5186
2073 3421
2633 2169
3335 846
2348 2694
1436 1696
269 6298
1229 4891
1717 4422
2996 2132
4359 4391
3169 2136
588 501
4855 1122
871 937
5915 1820
728 1365
4429 3020
1179 4868
5120 6105
2635 6085
5364 3222
3313 570
5922 1707
6095 2114
5322 1004
3082 4418
6263 3014
3997 3375
4063 4263
4234 1811
1255 4266
5425 1007
1884 1638
4300 5751
5989 881
1073 1339
272 82
463 355
3957 2324
549 2317
2945 4442
4825 4550
4177 2121
819 4261
2961 14
3928 1687
1999 3767
618 1157
2062 5155
2922 3364
918 4525
4541 3569
3299 4352
1789 2921
3785 46
943 3138
1123 5441
4157 3069
1588 4627
4740 384
4429 1018
3687 3987
4834 3254
6180 6335
5075 4631
1173 3639
863 5764
2955 1733
6085 5024
5289 1023
5744 3845
1246 2007
5724 930
3981 4732
291 1402
5717 1986
868 4412
2829 1584
5554 5495
1505 4720
2960 3062
2504 4575
3962 5045
5707 5607
3816 923
2549 4200
2399 322
1616 386
2622 4055
919 3847
1382 3453
4675 4213
6301 397
6113 635
5835 727
3784 2790
5114 2976
470 4777
4115 657
3581 3832
263 4631
3752 2597
3941 4460
862 2453
1816 265
2712 314
2001 2276
5815 2718
2554 4113
5202 70
6264 3731
1751 6309
4390 5607
3826 112
827 1425
5043 5277
740 3980
2125 4708
117 922
557 4254
3458 2643
2530 1191
5393 2302
2781 2287
3314 1059
734 5564
647 4055
451 1699
1509 2894
1938 4643
3038 3748
6194 63
3309 3
6063 5474
6344 2494
5363 5237
4250 4593
1662 346
2878 5893
3930 4591
1595 289
3742 3896
4590 2920
3698 5013
3458 173
1792 5809
636 3379
5726 5343
2825 4911
5324 3751
93 1377
1227 1627
927 4010
3726 4082
3498 4585
5575 5863
2078 5140
4052 2607
110 5421
5565 2195
4501 3514
4953 5465
1326 5507
2741 3140
1588 5603
824 3001
3307 2329
6095 4040
1668 374
2508 2031
1170 1118
5596 1812
1591 46
650 2877
1766 2522
2313 1286
6129 964
5592 6139
5551 5123
2643 3951
2014 1571
5483 5128
1525 1337
6156 3008
5077 3747
1168 3565
128 4923
1684 5227
335 4899
5464 3635
677 1822
3460 5367
2471 1639
4331 177
3674 4506
448 3251
5268 4516
5156 2424
5379 2350
2492 1695
3555 5026
4880 732
1679 2657
5927 3710
167 3167
789 1655
6268 5851
4277 2566
927 4732
3502 762
438 4583
5064 2637
2690 1827
2557 6213
5486 4558
3671 3585
450 986
6195 5718
2776 2647
1503 3230
3724 4512
623 75
6281 1395
4746 2652
4326 4238
3981 5267
5878 6085
1550 2786
589 1799
5044 1954
6085 1528
5329 4037
3737 2137
218 1129
4964 5508
1215 5269
3376 5059
1278 1504
1302 6163
1296 3712
6043 1906
1669 2254
1306 5007
6206 2621
4971 2656
2491 3387
4595 150
3978 3792
6128 5371
4787 3295
4997 2006
618 1247
3988 5997
1150 950
5096 3370
1867 4027
112 5819
3828 185
4489 4255
1456 1690
736 5662
2145 4141
2251 691
4175 4277
4213 5019
1334 1843
3623 1184
6106 3318
3052 6127
352 4670
5702 730
2087 2304
2197 3870
4983 3514
3469 5551
1136 2998
668 4313
2957 6277
2263 1496
2554 236
4674 3070
3121 4199
5905 1944
4344 1013
1936 1539
4967 3060
697 1950
4542 2964
5685 2349
4314 3450
2364 2284
3566 3236
21 4640
5164 3474
1050 2497
5154 51
5840 5484
2055 642
2243 2561
6249 1290
1318 2942
2852 2836
257 5092
1243 4762
4636 2692
2490 2550
1917 2547
4634 4916
467 2823
3615 2493
1202 5919
3987 3365
1721 1406
449 1731
4740 4601
1230 1800
3926 2139
3161 1916
1153 1926
3526 5808
4361 2507
302 2497
3418 337
446 2682
686 2482
3447 944
1984 3310
3830 4771
994 3719
6000 2867
3600 1732
3525 2085
4736 5436
6369 542
5605 4143
4848 3249
4243 3163
2639 2560
739 4411
5614 2089
4728 5654
5083 5627
1949 799
4222 2695
2977 2189
3432 2719
5495 4572
2277 327
6293 4888
2259 2115
1001 4367
1486 4714
105 1245
1081 1969
3387 3517
6287 3237
1907 1648
2417 523
1697 5296
211 804
918 5019
391 5861
464 1312
4589 543
979 5331
5283 2178
6281 5584
5500 4580
5771 4975
334 762
5522 2118
29 5639
6276 5149
5739 4539
3505 2062
3364 37
5894 77
5365 4866
6003 1316
2254 3169
1329 4272
6119 192
5282 6078
5833 4738
1755 5716
1446 5207
3484 1081
4789 3963
5785 5136
3515 3868
5144 3855
3271 1886
6353 3960
5468 2979
164 1788
6029 4132
2495 1945
2035 4313
5826 4626
2588 5393
1384 1016
4664 27
27 3874
4285 5696
6311 2748
1433 3302
57 393
3349 2701
626 2260
303 859
4821 496
2438 2433
655 1757
4527 1665
2499 2992
5257 2672
129 510
1736 1897
5276 2133
4528 1637
4357 4564
18 2730
6102 3495
170 3335
1612 4790
4175 5725
4583 2541
5619 3783
1588 998
5681 2038
4890 5079
874 5946
5702 1213
5018 492
5661 3048
5057 4415
4987 6341
4731 4266
2936 920
5294 4491
5036 871
2837 1631
3645 4548
15 4857
3364 2080
1525 1930
6210 518
3055 2404
1460 1047
3837 321
119 441
4325 52
4810 3276
1378 1797
2547 6261
74 2978
30 639
2567 3958
4560 1151
5879 2195
2718 5181
3745 5430
5227 206
1159 3479
3329 2611
3094 5681
5197 1820
3014 1278
4489 1194
1971 5409
158 2548
3070 1991
5110 3605
3302 2811
5763 3482
5886 1426
5425 1816
4404 5211
2102 4296
5831 3766
5431 2085
3476 1978
6329 5179
3570 6197
4609 5513
2147 3291
611 5870
3139 2387
1794 3310
1623 4714
6304 3208
98 1761
6018 3754
69 1846
845 5353
5243 609
3149 5786
6184 1259
4707 3643
2450 1557
3237 5577
4706 3937
1281 2661
3142 2991
5475 906
136 5407
2059 4882
945 6296
828 4780
3572 2330
970 1032
2121 794
129 2249
86 1476
4885 5107
4484 3327
2208 3601
1157 116
974 5867
2595 4415
6147 2296
1719 2834
1622 2743
3463 3028
598 127
1572 5785
6013 946
2292 6027
3089 3488
5810 169
5461 4460
3240 3266
3818 3566
4464 19
435 992
6375 567
3137 2303
3132 3606
911 4862
1238 1543
3396 1179
4169 5404
5957 546
390 571
5922 1771
5317 1713
2085 2343
129 1321
705 3205
2075 1640
2040 5580
3009 6355
4733 2501
2519 6344
4822 1622
534 2401
2778 3207
2623 5183
5488 262
264 2881
3270 4721
4598 6056
32 1446
3428 4813
6002 375
5499 3966
5768 5100
1342 2409
730 2654
3856 5722
4669 4724
1491 2002
4879 5807
4503 3369
2095 2616
1096 4076
1081 5065
6186 3625
5920 746
203 4497
3690 3470
548 4647
409 3584
3083 4669
4862 2947
2552 234
1411 5621
6242 748
5849 4981
4041 1963
3994 2122
4397 2529
73 5891
2929 2215
2465 2379
6246 3040
1142 4421
5926 4986
1429 4815
1906 3533
3471 3328
1702 5782
2645 2092
5400 4864
3279 2800
1085 3351
405 4742
2927 5948
2670 2465
1231 1952
2791 5526
5654 3640
1091 1055
6243 37
1251 4162
2737 6000
5650 4350
2580 3488
5582 3325
2778 3910
3929 5895
1760 3714
5482 541
5396 3011
3536 312
6219 496
4185 1795
841 2290
4554 903
2046 6156
4752 229
2969 2470
4914 1419
2992 39
4934 3958
3383 4141
3983 3713
1019 1165
2175 418
3836 5720
1247 4769
4216 482
1624 3840
423 4579
5401 12
5690 5123
1875 5041
1105 4724
5285 4655
4439 6226
3314 6272
2835 45
5326 1216
2767 4677
5246 5490
1599 4924
5141 6109
4393 2166
5458 1371
2142 4965
4481 138
2243 924
5 591
2729 3078
5960 3366
5701 2257
2277 1122
6307 4152
5688 1471
1923 3060
5288 4588
6325 3996
1845 736
368 750
2832 1873
1377 1581
4246 2008
1740 6073
3841 813
5173 4862
4363 378
1513 508
372 2348
533 1255
1475 4991
5669 4612
1875 4186
2145 2582
1886 2340
3277 1602
808 1824
2056 3095
1772 5941
2834 136
6192 4888
5816 3312
2123 3653
658 859
6080 1195
1162 2048
779 6127
506 4211
3835 5123
3590 1100
5388 4564
2971 989
4253 1366
166 3662
2519 5157
3670 5817
570 579
227 3334
2583 6169
5033 3559
6085 4048
2139 1096
2001 3087
5864 4921
3543 220
801 2297
1781 659
692 5700
6166 4369
4897 2882
950 811
5904 1747
5455 5950
3949 5026
5988 305
6039 5040
1122 3124
1670 4104
592 1896
3730 2061
5550 3306
537 2561
2402 6182
3237 2479
3538 4001
5697 4319
4717 749
107 3479
4052 5260
1907 4442
538 5892
5833 2102
4294 4116
4015 1976
281 5160
1026 2769
294 4673
3895 5587
1583 3137
5826 1899
4674 2463
127 4771
723 2346
2890 1163
4525 5160
1102 4991
723 6360
5835 950
3693 3010
3878 4146
2702 1074
3159 4565
6202 2306
1614 262
5919 5620
844 2687
4322 1946
5255 3339
5847 5208
2705 5030
4440 1728
1832 4468
872 3182
4989 3980
5691 3565
1962 1661
283 133
2585 479
2820 2487
2067 1725
2115 2604
3507 6169
1132 1556
214 5250
2164 1948
1891 5185
902 3893
1768 3589
4772 2090
3238 631
2640 4531
5787 5861
2940 4504
5074 2096
2438 2466
3526 2668
1785 1111
3735 5954
710 2230
174 1135
2515 2726
2759 1774
1469 302
2558 4253
5999 4097
978 3427
3014 3719
4998 3494
6361 3271
3531 5202
3093 2989
695 1244
323 4331
1998 5213
3036 441
1988 332
2862 2010
349 4095
5962 4376
5002 5538
5906 1520
887 2500
3773 2660
5837 4526
2182 2785
309 6112
4866 4428
5655 1110
239 4012
610 937
3385 2424
778 6259
2181 1615
4337 1743
3847 5339
2807 1429
424 5432
3975 1170
4148 1805
3435 4598
592 4400
4782 970
398 6050
4268 3334
800 5143
2634 5778
5318 6337
83 2159
2009 5081
5224 702
657 3700
840 1765
5557 2477
2431 1049
5104 4914
338 1963
4904 4990
640 1813
5792 3250
5855 3883
481 125
59 3057
1562 446
702 2167
1811 3530
5153 4646
5253 1559
5117 2589
6227 2094
853 535
5231 4249
262 6286
6295 4366
2099 4499
5471 369
353 1528
2392 2214
5962 5883
3563 5478
5105 1753
2791 5946
2605 4989
2278 1558
2197 3360
3040 3707
1209 940
2668 1649
3820 629
2336 4056
1127 2478
374 4439
667 3185
4730 475
1702 5827
1225 3671
3043 1803
742 6005
5595 250
4246 1534
4197 1541
5786 3278
5922 6007
160 4985
5703 5984
4454 5256
226 3406
3870 5111
2378 1603
507 1443
4167 229
6267 3533
5668 42
1841 2323
5613 6070
3504 1656
1953 3609
3266 2046
1603 2748
4047 3529
1337 6200
4826 2031
3422 4066
1975 2331
5485 5769
1474 589
3056 1280
3194 3352
2422 2837
3845 2416
3782 615
2617 4466
5959 2228
3748 4543
888 3873
4085 3843
1357 804
3477 2471
1503 4844
4243 2146
681 3609
2434 1506
2752 4148
4831 5956
2393 1725
5467 1603
4876 2334
1967 5241
3380 1904
1439 3730
5204 5238
4596 5416
6176 3066
3389 6294
5826 2057
1976 6183
5797 79
1682 1777
1847 2722
4366 5470
4038 5357
1083 3896
3604 5602
5190 3790
5043 189
3453 214
1684 2096
6010 5314
246 581
4192 5024
96 350
2418 5931
616 441
2652 6227
4877 5728
889 5307
3127 4794
1207 1341
3880 2179
5830 2969
2437 3618
5605 1315
1718 1498
3788 3616
4252 3668
1378 1308
2872 76
2224 5504
3868 455
3018 5967
4319 5509
559 5554
2645 2479
6148 1345
2099 3797
2624 1673
411 3143
659 2320
5556 5493
4797 6328
5089 439
74 5527
4539 3991
4162 765
5141 4679
5261 3360
5592 4258
991 2495
311 4744
645 977
1868 4450
5750 447
2667 4046
4931 1006
5593 272
3560 3085
5981 3971
5107 745
2532 3631
5172 4066
3721 1138
969 4309
3250 1780
3300 3892
2987 1910
6157 221
572 5088
2148 1002
1131 2037
3091 5804
4861 3812
1362 1196
2993 872
3019 3784
2744 1171
4662 1637
3769 5197
2989 1758
1347 312
5667 3054
91 6361
1629 6372
3263 4607
6165 5205
3145 3396
886 5939
1836 3684
6171 4424
3911 2136
3941 540
6274 1959
1843 4677
1285 4837
1378 4218
4493 279
3817 5459
838 3991
1038 2106
4802 5696
5076 3065
1775 3557
4532 1368
3864 5180
2363 1148
3509 1863
1680 4649
1601 5855
2884 4841
6324 972
3276 2754
5474 3831
699 4630
1239 758
1540 1172
484 5178
5397 1495
4878 6245
2355 5594
107 1315
2646 6185
837 2650
243 6155
4529 2234
4223 2134
2231 4946
5981 3255
1274 347
5944 3358
3904 1529
4109 4500
5907 5689
4984 4128
4404 6316
3931 4448
5988 6159
4544 3342
444 3209
2107 3663
444 1683
1457 2290
1857 2571
1574 4087
156 1395
6118 4354
776 1862
1198 17
3200 99
6027 5797
58 3026
5645 1864
4151 1611
3563 1325
3344 2141
4755 5077
5813 3126
2934 3361
1568 4540
856 4862
3417 970
1673 4526
5330 5253
522 1529
3047 1268
5419 3020
4358 5104
1309 1510
5636 3519
200 3605
2132 1057
1930 3787
2514 5203
4812 5390
5668 852
4438 2624
4778 1870
4343 4555
5992 4160
5654 4624
259 4561
2727 4924
1873 5016
3046 1714
1973 6167
2418 3704
4557 3518
3033 1745
468 3624
2775 2337
5694 2674
3337 4578
573 2970
2309 2788
401 3350
5576 1402
1368 5132
5869 1109
1757 693
607 5126
536 5709
3405 5454
3103 965
3520 2386
485 6154
5010 4665
2028 956
5122 1177
3629 708
5452 4102
690 1752
2385 1372
5403 6073
3537 5090
1463 4370
1594 4679
3852 3680
6274 5865
5990 750
5256 2217
5069 3475
6352 4149
4048 1898
2305 2033
3942 1233
4118 3949
421 2201
3995 2502
6137 2362
81 6192
1292 385
3794 5901
3271 2538
5297 5022
2248 4010
965 3160
4402 300
5714 5020
5139 3642
38 5049
2884 6045
2134 3567
5571 2239
2151 3637
5109 1729
1679 180
3882 2189
5370 962
2286 5527
1637 2419
1552 194
261 711
5325 1397
3598 5795
6044 1515
2222 2335
1858 1361
4547 4090
4622 6114
3056 4628
577 675
6025 6300
4064 4117
3673 1724
703 3889
5559 1653
462 1990
6160 6344
1872 3447
2980 3292
956 1565
3285 2133
6174 3466
4371 3972
6292 5256
254 5441
2639 481
3798 3419
5230 2503
4755 5279
443 3786
4118 2110
146 756
122 1056
5440 3102
4728 5956
2633 5039
5101 4533
1527 1044
2244 3012
3994 1692
113 2004
6283 2507
2866 6062
4807 3627
2474 15
4554 4633
4403 2357
3332 2011
6092 5070
3041 6110
5750 4524
5858 2543
1346 3460
5763 709
3125 4045
5630 5796
5014 3743
1809 3190
5267 1574
1566 1747
4945 4279
935 3120
5678 6007
5904 1633
1037 2095
4025 5236
5322 255
3569 1228
1845 5589
588 2886
2813 3117
3136 4854
2947 4851
5086 2429
5227 1093
1787 3903
5855 5086
630 5595
5722 2299
5879 999
5752 1499
3454 2044
1564 1935
3517 5442
6101 6359
2537 4777
6205 1698
2511 3631
2516 1332
2573 197
1272 4421
5382 4554
5838 6092
1359 5695
3690 1021
5840 3002
1546 1687
1421 1572
1943 6311
5329 3365
2539 2561
4763 5500
3160 6136
198 979
1318 3501
538 6090
5753 145
1968 3632
5864 2907
2723 362
3195 5952
990 1394
3391 929
811 4918
5352 5900
3309 3446
3717 6165
2981 144
6234 4506
1529 1932
386 3776
4033 2207
4496 1068
3280 3462
3487 3191
458 5392
2844 541
6222 4028
631 2816
3489 4940
5700 4405
5143 636
1866 5453
909 2410
3260 3879
5359 966
5759 1344
4021 1986
1823 2719
488 872
5356 4239
2092 4732
3886 2926
6119 2357
6153 996
44 4375
3498 756
1632 6241
2529 5868
954 1413
5190 1295
5568 1131
1607 2945
786 5978
4895 194
4273 922
5985 4414
689 954
3480 5422
2614 2180
4421 6052
4406 4240
1344 3054
5875 4644
4602 2584
2149 2346
4596 1275
1544 84
993 3397
3988 4111
1650 3148
3522 5240
2509 5152
1392 2361
5225 5836
1141 4858
596 1292
2617 5793
5077 2364
4807 4917
4500 3677
3693 843
3138 764
2500 1870
2238 1971
3500 4316
2126 5466
2017 973
485 624
6061 4672
5187 5172
2315 5088
2022 4182
4208 4969
2778 2356
2706 3330
1559 4040
5446 1535
247 1992
4871 1190
2003 3179
2390 1239
4731 3636
2218 1222
1492 2854
4089 4974
2845 1234
2778 1116
4861 4426
4447 5072
3016 3532
2494 2195
2100 1379
4484 3017
1726 6183
2551 5005
2653 1511
6224 5204
3487 1873
3486 2575
2309 714
2729 6229
3347 4591
4747 5626
2488 174
6373 583
4008 1118
3736 751
4842 6125
3862 2548
2068 786
2601 3024
1926 296
5406 4521
3750 5289
3557 5314
3438 3109
5483 3657
6276 4126
902 3255
2222 1065
1225 6095
4187 5345
3021 1416
6281 2895
4908 4903
4100 524
4857 6101
5368 5014
1143 2782
4955 3013
563 5153
235 4800
863 441
5965 1146
1015 1250
661 1895
1676 1289
6135 4007
801 6317
4964 3312
4059 6142
5006 1210
2490 3783
31 5578
1142 5035
26 6142
5193 2194
1483 3346
882 2033
2255 2261
761 396
2717 3497
5489 207
1 4188
5629 3175
2548 2874
3411 2158
685 727
3931 2138
1163 4118
1785 4326
6112 4408
2588 4172
884 2534
725 629
4786 2214
399 2288
3038 4100
6 3511
68 3122
5807 3905
197 1707
1615 3120
1466 1606
2601 1822
1258 5498
5952 2865
1388 4083
3904 421
4061 4574
1378 1461
1592 3380
284 2030
3914 3770
1065 2082
5035 2699
5418 5649
6305 5022
1715 5908
204 5264
3871 510
6089 3324
4069 1760
4922 598
2374 3574
2568 5411
3762 1596
3286 581
5942 691
4214 1932
5788 5999
5109 3558
2059 4744
5182 5001
362 202
641 611
2724 233
3632 420
4200 5401
2853 5553
4089 468
3644 895
592 5667
4016 4510
2184 5465
3139 6093
1178 6316
2284 924
3513 6318
4886 220
3884 5326
2519 1550
4107 249
4062 1723
5626 2151
4168 4347
1744 3516
9 5635
688 5039
580 1628
5625 4493
2663 5916
3911 5628
182 2388
6143 422
1355 5905
5776 797
4318 2731
446 882
2796 4440
805 3950
4684 4921
486 1517
2076 2130
6304 6352
4075 6149
1456 4965
3986 5596
3986 1526
278 1312
532 4633
3550 2659
6034 273
4584 3187
5792 5194
822 1020
10 4560
161 371
3208 1024
4705 1659
3625 4832
104 5166
216 5747
4350 5367
3583 5970
4343 6082
777 3298
6211 4613
2546 4183
400 5054
5881 1221
4251 3471
1551 315
4619 3108
5540 4531
1837 3275
5341 2337
192 3246
2210 3127
4604 5715
5021 4772
2833 2495
4313 1080
2836 6314
4049 2345
3696 2663
664 4389
3668 4476
3339 5487
2180 4938
2741 459
5770 6177
454 891
1793 4287
1686 925
2866 336
2069 516
1909 2
1485 3556
441 4949
4068 3390
834 3796
1538 1912
265 2444
6156 2023
6320 4709
5865 1936
3748 130
3749 4328
1065 4957
3835 2039
2772 6118
1819 5364
967 2857
473 6312
1932 3545
5063 1072
1666 2671
3102 5728
2995 6148
4521 3956
5408 3830
949 4195
6369 973
3076 840
4018 1162
408 5791
5922 4668
915 5852
1037 663
3173 4324
1675 4364
3030 313
3209 4434
5598 2958
388 6095
4639 4235
3147 4574
1895 149
4360 3650
3289 5620
919 3984
5293 1262
3560 336
6334 2390
1187 5838
3075 5619
4162 4578
5159 3260
3107 2748
4752 5601
5482 5052
214 2343
1322 6374
3618 3290
2093 5783
5612 674
1153 4805
815 791
4981 4589
2405 3011
3614 5188
24 5897
2333 2350
4236 177
4229 1938
425 167
2637 280
3891 3703
4030 4056
335 4775
1741 5945
2755 4719
5140 3436
3612 4948
1905 3580
4237 2814
4321 4203
3418 224
210 2802
2888 5642
1089 18
6014 892
3613 3098
2162 4338
3825 148
2896 3250
445 5867
1716 1788
984 1473
2714 884
1582 4771
2090 1253
4506 3343
4667 1852
4666 43
6038 1453
5032 1947
3074 637
5053 4462
353 3133
588 1629
2224 1407
2328 3658
4999 727
2523 5426
5174 5208
1181 3954
3822 5402
1975 5345
5976 249
3289 22
1523 1164
5336 3717
4057 3478
6375 2656
5384 3561
3759 5793
4436 608
2565 2830
1368 1273
3095 2298
2090 1708
334 5137
637 2098
2681 4246
875 9
4950 5756
6081 794
5780 3595
1124 5445
6198 4861
951 4600
3134 3317
5505 5131
528 3933
2967 545
2839 5854
5226 3115
4248 2395
1171 4115
1222 1227
415 4802
302 145
3945 3135
310 1777
4661 1452
3303 4618
6182 5130
2873 4531
1643 3897
1628 4925
2472 2695
5899 5063
4098 4928
3356 2426
4042 5925
4341 1868
6275 1814
3067 5606
1666 4479
5531 6240
587 5966
4263 3006
825 4889
4218 5896
3955 4681
1 4049
5135 4760
3257 1690
1758 5394
1711 5981
1699 4935
3228 5978
2314 38
2284 600
672 5530
4679 2638
3976 4355
1189 1035
4772 5480
2906 3688
404 6036
3691 5929
2918 1159
5649 5863
4680 4913
2972 4978
4383 2242
3212 2042
5653 2937
1640 3397
1961 2095
4957 4135
850 1133
1871 4124
677 933
4256 2651
1945 3809
2147 1342
4342 4747
2159 3821
3960 2971
3395 1363
2732 4576
3654 730
2469 870
1533 5875
5755 3947
4000 2834
1356 2876
4064 6034
1249 4633
4717 5204
4020 2271
3961 3299
5895 1431
1556 3609
5396 1256
1963 5901
1980 4932
832 1179
5574 2684
2183 1439
2435 4829
1363 5199
807 3331
3103 1868
4106 3954
4833 3110
3742 5111
351 4124
357 3656
4034 5976
6052 2434
3032 3428
3383 1040
992 4818
5656 5718
1754 2384
1992 427
5103 1558
3658 3852
4850 2847
4189 3511
574 1314
1987 6097
1032 5803
3537 3923
3414 5923
6359 915
3240 6156
1802 1964
4852 2680
276 2392
3059 927
4905 2863
3080 195
395 3459
3769 743
753 94
1084 1696
85 4947
213 6322
2892 4046
3289 412
645 897
4035 3020
897 2375
3332 3224
1879 4511
1127 2708
5768 5845
2789 5871
224 4438
2725 2158
1706 3670
5549 3801
290 1385
5327 4673
4140 6037
930 1253
3067 1001
4981 1292
4262 3241
1621 2337
3207 1099
127 3227
752 1261
4741 6347
6295 5779
2920 3347
5238 3946
1524 3955
2819 3355
245 1723
2496 3712
4546 4021
5034 5523
1098 4473
600 2224
3405 5777
670 4084
3993 5293
1144 5406
4499 1750
2256 2480
2272 5860
5778 2925
3736 1894
5924 1824
1256 5426
5971 2924
1263 3378
1009 5718
5487 6086
3527 6089
4546 4691
1695 5107
1701 4791
4859 4153
3141 2256
2464 1009
5749 5646
2521 4591
3849 4594
1906 4431
3425 3375
4042 5922
1881 4472
4569 4329
1683 204
1227 6303
2703 2935
5072 2587
5084 4477
3429 2002
716 4598
935 3420
4574 3902
175 3608
2931 996
2620 1456
536 4509
5373 5264
1167 136
3501 2073
4278 3111
1903 5643
4948 1874
4052 4990
311 4205
4363 5091
297 3815
4181 5656
1578 1048
3511 578
2783 3486
5910 3141
6336 2814
1731 3786
4827 4229
2630 2484
3490 6254
5850 5748
3194 4426
939 5078
3440 1153
528 4409
2643 2311
2203 1665
760 5580
1627 1293
3116 4726
1586 1530
3406 4482
271 5280
2186 2316
4204 6137
3836 2409
819 4353
5608 1998
1626 3550
2960 4017
3493 894
2640 3071
4165 1383
4181 5758
450 4032
2416 4041
623 1550
734 6370
5710 269
6300 5884
679 2891
3821 1281
138 5021
600 3043
1010 3858
1440 3036
2865 2368
2000 5018
441 5690
2540 2678
5041 5168
285 110
605 2141
4437 5846
6074 2051
4939 3989
4869 6069
3221 5992
6362 555
5911 5693
1481 5234
33 2882
3243 5841
2693 83
428 5193
2650 3473
2204 5226
19 638
4140 3087
3197 920
391 579
6289 3401
2208 2915
2444 3924
5427 1086
4168 694
5163 4272
5128 6243
4416 5125
1812 5256
5767 2028
3386 5792
650 2517
1673 2875
4163 4443
4352 160
4562 87
4935 5191
1305 1690
3591 1619
724 3419
3974 4628
813 1513
4465 524
6170 4324
991 6243
1046 677
4323 3834
1051 5083
2461 2561
599 5255
3855 3297
1064 626
5051 1589
628 795
1770 2818
1206 2815
1305 4208
1403 5413
68 3513
5795 2854
3898 3362
1699 4200
4493 5070
2071 4209
3124 3469
2401 3102
6263 4219
2351 268
3220 6226
4844 1420
4912 2877
5466 4768
3188 4220
6334 758
3927 2819
1668 2316
4889 2206
5505 6228
5231 862
5084 4497
3199 2070
5445 1694
5521 5226
5649 849
2312 3738
1159 1497
2228 2883
281 6001
2743 4484
2773 3496
2879 778
2358 4969
2410 282
375 4256
1561 4362
6320 4368
5661 1648
600 5948
2576 1564
4138 4140
3433 3523
5697 5598
2302 152
4074 3102
4995 2161
5986 3266
3415 6371
5790 5707
3771 1199
430 5066
1852 139
2678 6168
3046 2482
5913 6366
2211 3725
4777 1322
773 810
125 5816
1455 41
5915 1335
4819 1627
733 1628
3756 3052
4120 3237
929 457
879 5167
3237 878
4620 5315
2223 3658
5148 2558
2746 4364
1192 4442
983 5759
4180 5744
2398 2460
3804 3203
1560 1474
5239 4791
5463 1340
2495 190
374 874
2891 2681
4048 5539
806 403
2544 3024
4716 5799
1512 3235
423 63
1675 4023
2618 720
533 4753
279 4379
2277 172
75 529
5917 177
5993 4594
6175 5444
559 3745
4338 2697
4941 4039
2713 5743
5884 3944
13 1771
3180 1416
6178 413
5252 6069
6330 3292
5512 2372
5835 3938
3253 3324
5300 1817
2658 5604
6011 503
208 5544
3871 3171
5134 2424
2016 5375
1355 676
913 4399
5608 2499
1399 6178
6091 2644
533 1390
4279 2750
6236 4094
2628 3708
995 2555
5351 1544
2548 647
2766 5936
4273 2805
5030 5507
5601 2780
4101 4377
571 5107
5031 5826
1777 5135
2199 2988
838 817
1000 1388
5220 4146
6058 4714
3022 5898
1250 5474
1192 3048
741 1
3504 5558
3909 458
4060 205
2931 168
862 5857
2101 1407
4047 808
2344 2898
1256 706
5722 1844
1996 4668
967 6178
5354 5478
1246 2025
2489 3362
6111 6259
3620 6164
5370 2663
4842 3230
4907 2698
5160 3981
6293 3912
1105 18
241 3490
2113 492
2408 5686
71 1819
1252 5454
6320 2369
5856 3686
1722 6262
482 747
5108 380
3597 3265
2089 3449
2866 3173
6173 5961
6299 878
4859 3224
1319 1728
3323 3964
1296 1244
5910 5261
1091 2880
5433 5206
2310 5593
1829 5673
4130 1015
1709 3754
4208 5106
778 4994
3206 2153
534 5423
3829 4388
6228 1444
4181 2436
3654 315
1846 555
5969 6353
1380 1633
5572 2419
4154 3403
1543 4660
767 429
3965 365
2447 4138
3362 5278
4150 1034
3353 3407
5770 6085
133 2338
988 79
70 4864
5813 1284
5914 923
1563 2197
4565 5837
1732 4700
1890 1091
4946 2140
4430 6280
6059 2347
2329 4478
5975 5984
6021 1367
4310 567
3655 4456
2050 5472
170 1735
1391 4184
4351 5198
4613 2096
3948 1406
32 3914
397 5286
5504 3493
520 1655
2227 6228
1652 5828
1302 3430
3911 6023
6050 2032
628 3195
5119 3022
1256 2950
4873 1605
1423 5471
1866 3554
6063 896
3953 1837
5795 6142
6113 2698
4629 3610
4353 3658
2376 2385
4083 2574
2127 2022
1632 4561
4686 5315
3321 1248
4743 1311
2608 3959
3850 5316
3849 704
4806 5531
1518 3950
2147 3669
5760 4477
3842 2269
3979 841
4278 2620
57 6024
4253 2273
3907 519
2830 3181
597 4881
3322 3481
5651 5447
3814 1112
2313 4368
3597 828
3234 1024
2190 1257
674 4122
4768 4463
459 5312
5666 366
5631 1459
1886 1920
4651 3580
2940 606
4166 2819
1677 5595
943 3772
4414 4188
1933 3352
3882 6344
4593 2109
5361 2855
6330 1099
455 256
5199 6188
183 4027
2143 4650
2026 5536
1145 6106
284 2250
6302 896
2254 6028
5360 4916
6251 3231
5301 3485
174 2000
1295 3546
5321 2456
2649 1674
3798 6084
114 4848
5853 4716
178 3974
4654 4635
475 4597
3964 1124
5001 1051
5375 2337
