10000 100
80456
64490
24137
62513
42127
4126
64440
47376
22628
85699
30070
2960
4499
90991
35604
50702
70131
30315
2123
86313
40689
58962
46375
18739
16756
37607
56533
57087
21686
97192
21675
38246
76738
17743
99942
48586
45533
24520
2711
1929
72747
78823
5257
92729
43460
38432
89663
31451
6127
78881
71590
52382
53585
75805
66597
49360
18593
75603
52787
63231
80968
93419
97097
6148
57667
97169
83717
64290
31960
77793
58568
26355
19815
53135
66907
6648
92123
87417
40839
74808
74395
68798
7299
28498
66690
85487
86634
7278
36874
75185
94946
25130
32959
44198
11983
6616
21205
73540
2955
85830
82835
71219
91435
68178
62738
94609
89967
24992
83420
15715
72115
48577
52067
35624
75228
61633
14321
87099
53214
15489
29808
73961
78347
25061
31954
26224
95906
9192
29996
56506
44136
5569
6110
19912
96001
40572
17552
71004
61639
99720
99355
47708
60385
61425
98508
66500
62866
78159
42405
84840
82796
32674
73185
80742
64159
25831
86321
97370
33780
10919
38207
61672
83747
5362
37334
15508
68087
39631
84424
13512
57418
76374
86393
27872
59282
78561
99056
95883
78692
88439
51079
34827
93508
24266
24194
15716
11522
99946
64339
39462
94636
43444
65441
25417
62000
90431
60180
33778
903
52161
44893
59510
89030
89917
49632
31019
48917
33576
59709
75805
37049
17262
52734
73082
86869
97115
88372
53731
54653
5701
82763
80374
62000
87608
71982
51647
92127
91506
175
42661
57906
22997
88967
71615
54772
96134
72471
71253
98882
20883
68508
97333
28125
21798
99554
32439
94586
82168
28161
32560
16956
64201
9150
56965
89065
41966
65825
13937
66371
65766
30206
41445
68577
81750
95305
63844
8030
15505
15134
55344
67514
53586
7985
48255
65730
35424
72697
94439
28864
57387
97368
64418
24124
68115
24006
64850
63138
52622
18578
81991
35622
4728
26135
409
85203
67752
33755
50436
20489
81728
30638
73281
60309
40504
18688
75777
58593
83538
48646
45512
36294
87895
94421
20027
23458
83552
96501
49173
63947
58488
5592
18849
24528
25408
95723
31595
24237
68231
66997
32455
78861
72053
13773
33325
9339
13060
60163
77735
67125
79304
50301
29738
78370
60515
72154
15947
32831
68294
66169
89831
62175
74988
78035
63990
50917
76172
65436
13945
83999
23888
43862
68610
68701
72963
59743
41745
58128
79120
92198
52687
37660
60392
67514
52018
84771
89083
97116
36065
19062
52455
53560
50723
96394
15998
97593
71718
57590
56681
55860
3406
77773
47731
99399
30038
60906
58489
55811
4219
13467
3688
7147
70711
75806
28905
888
24023
56259
29552
27191
17830
44343
27656
30884
62014
13263
46700
33853
20149
25362
83080
61125
58830
97083
34352
15857
54549
663
34571
36500
71702
41210
31724
13549
26451
66671
93741
44192
37354
55915
50732
92255
57253
19026
37240
98311
58697
78535
66967
1272
6196
52352
21468
70860
83724
97913
90207
21193
62027
29877
96155
2380
77365
75169
22636
40076
58692
88059
93092
82356
79598
65313
29937
62667
78734
76300
98048
66568
21355
51231
94793
12786
64965
6819
43266
88527
68401
71258
23543
63836
84391
42871
81043
2661
79405
77775
3809
36657
83050
78093
4029
58860
85322
21241
65900
5205
38931
22459
30807
37419
11742
90161
57383
19069
21424
46167
25844
84384
9444
28572
63048
63586
3009
75548
90266
27468
25735
29062
51027
3819
91403
3600
93629
20277
91337
48147
32092
65378
26233
1260
99140
36587
48993
93004
66617
25823
66402
2000
13610
68064
14280
71802
12932
30889
31486
43129
20770
17597
1532
67471
11134
65413
18053
44479
18981
37850
57781
32850
988
29591
79039
64900
41817
52360
80636
82914
56244
73910
18658
31118
62685
41920
98376
47523
90783
8473
28821
88303
56659
7200
44737
5337
20845
46305
57156
78733
53023
29269
24263
56335
62603
59601
7181
97326
36585
49622
63598
66155
49569
74263
3669
40322
16
20108
52245
93131
94103
58282
65853
8794
65422
76224
44473
34272
98476
93568
31829
29745
5680
80697
1008
90881
44865
22463
39813
36490
80288
12667
32051
29794
4159
90281
95392
92693
12063
5368
77916
98230
26368
9354
52662
72218
67797
81919
7328
74677
8810
41079
75871
60282
32292
45780
95067
39023
12828
23365
15149
33659
93144
78728
52431
40986
17879
82799
36308
49071
55782
54607
72079
80921
67398
58464
11558
79606
20342
76979
14357
84560
16230
94521
51678
21132
37266
83439
94613
83865
23466
72473
11701
11564
77516
46676
80601
86344
65825
33149
12687
6324
22254
9952
86619
63928
18534
54878
80358
8444
18035
91474
7425
27500
41767
59818
27127
54116
88149
34113
65181
58291
82400
881
37052
75019
85417
14707
75332
66774
44718
67329
38888
24906
14735
26101
20258
73457
53573
61102
84409
27554
55460
85946
27824
92422
16144
15020
26973
95878
40385
50267
88703
63803
71874
56554
58007
5098
71546
39352
60271
93987
63441
4472
12425
45289
56400
63408
25988
53159
52351
74418
218
68397
92747
91291
30390
49504
21300
56390
74091
59154
26182
88415
45195
54600
80229
57275
65140
90240
16444
508
57342
27037
33569
90997
24038
62986
97205
54010
42091
77750
78464
32279
18642
29743
18626
50870
42138
3923
35612
80317
97437
45543
69573
86066
6496
78878
25950
38827
94264
33242
65780
72325
99651
56597
29061
66727
77010
46375
50374
18299
38931
74006
47338
32264
7579
7898
33530
41419
34958
31868
52234
47050
60662
35855
11764
46414
11075
39199
90939
98689
5173
95301
70858
84735
31140
75625
22670
47439
30885
51477
58627
62253
96825
64675
15423
5145
58575
45103
14397
19269
88961
22261
1112
49472
65201
50294
23977
31090
66244
10099
79000
96543
2137
77397
83537
6302
77927
82262
22571
987
15765
48721
28673
9639
69180
73423
44190
33306
2351
41835
22704
30267
85203
46713
21061
40703
81617
78636
38658
29844
16286
59452
29834
50160
26852
7956
36874
2127
68128
92121
47093
78319
55785
16055
3145
99658
99678
52724
825
14514
69677
94954
17250
83142
73724
58338
4753
89740
86194
18660
6325
76616
29993
88549
81076
3642
16400
52419
57369
28747
84727
67580
61136
68830
24616
13194
46900
11824
47639
42140
10568
1861
75083
99843
17792
9882
94028
95734
39837
49825
41277
30629
9263
96644
54205
52802
63129
29465
56623
98467
47395
96224
59371
48658
81686
48951
17792
6749
24518
25583
60062
26307
30311
89050
15072
93656
11936
27842
70932
69677
92352
31769
80677
69488
93418
68927
10010
93614
34123
95077
31256
16890
68408
82534
60688
31735
60126
39769
64906
22799
69206
83927
51643
84921
12419
94973
96844
47252
12918
35089
39721
78050
63070
82257
85193
86770
56918
42981
70155
43003
55270
32699
43525
51949
55973
38423
431
95974
41606
73475
43138
80942
35221
76535
92915
96339
81975
70471
43353
29076
29811
76821
85066
11052
55425
44114
24567
17911
95258
17118
17630
16440
52748
11984
64149
72044
58652
21312
95782
8423
77939
83864
92185
48282
80040
26724
68177
25398
89047
96676
43770
71380
42509
75595
78690
69508
70121
21421
20352
70123
18552
70767
93086
32341
42941
62102
13470
88330
8686
35206
26266
61223
17588
52005
7572
90121
30254
44181
72166
64804
58797
44171
57512
77810
66056
17383
38259
50248
80713
42192
6134
64934
87004
74065
77399
88807
82607
4437
31324
87491
8788
45721
93051
3132
72358
6782
65889
94560
15367
27847
37949
37815
78236
38929
17617
10215
58137
93619
69740
36778
89695
25727
39190
50373
18492
51257
39972
21043
5515
34576
96649
63159
81558
39496
96007
56952
61085
42045
28681
86005
70207
95716
19081
16004
88656
19955
41208
16636
8361
37765
84934
3335
80691
78231
32783
37205
21879
36666
83547
31302
84108
38117
4006
30820
65850
5059
43768
84944
37728
65586
85787
97233
66744
65060
41526
98106
14439
42065
54952
38780
85983
56077
56062
47374
43809
16483
47455
58577
71816
92478
70427
45716
23682
1851
28084
64451
90971
42565
12456
86542
50285
95503
62000
76580
52767
90337
1927
73464
66899
31983
27554
29812
15631
45226
45742
81297
27706
42547
18468
7523
55502
72759
83404
74448
43121
12570
14672
70328
5694
95006
6549
59246
61179
11462
55472
99726
43304
12992
4964
69455
7677
20402
78628
74645
96023
35170
89372
45280
49305
77402
49783
13378
22201
87596
22061
21726
49798
51351
97906
13554
46471
92966
83818
38044
44487
76388
24077
1352
3414
91982
62625
29733
87053
27144
33280
12892
62119
33880
75949
71345
69013
53386
5842
57521
74207
67608
41526
22307
916
52363
74778
58475
52947
66948
90199
5723
59952
67021
41948
3585
29782
77036
39921
45642
34122
76409
52965
2804
74914
89863
81249
7197
7852
96270
69851
4987
68147
59197
88021
27841
51308
3240
44315
69666
68783
11659
43192
81695
65530
59301
34752
87428
85368
70362
24277
56975
44925
49576
50477
80150
46867
10384
22550
45086
7216
89133
92152
90595
50083
20133
84650
4348
64776
9999
96435
88347
51158
10291
79077
27894
68307
53616
69824
68760
17551
92493
87547
98169
22631
60316
19805
81202
48938
4981
96519
94972
99791
26002
43656
52127
39360
84467
67774
10154
27098
57447
50076
92236
81166
87714
25684
56148
59863
31730
1802
86363
36588
21389
25423
59965
61658
67516
19222
91335
53180
84961
46427
86008
53708
47261
89905
9955
38543
89232
89005
77463
53374
3278
25531
31088
75110
15722
482
6585
59430
91830
96345
48545
55047
73879
58720
81182
37647
87232
7702
34791
3124
34137
58378
35080
12639
95541
8927
78391
92243
47372
67806
97433
66331
75347
89210
7025
73618
85854
57134
81378
64528
77163
47797
37863
33423
45212
35244
17423
87730
73241
11658
51453
50457
81704
17931
36206
9042
45763
83421
85281
94931
36318
48206
70269
76622
48905
24911
69198
31652
49743
80703
64810
55531
59474
97903
51356
78887
98604
77986
40065
4227
35222
21752
7234
42655
69594
57184
70875
73352
1725
52170
7621
93923
63696
98399
97416
34111
65262
38983
83838
63293
34493
54271
6442
61584
54414
56270
75864
35264
66584
3259
27297
10832
2254
20040
52889
15204
14162
8338
634
8720
5314
58789
77095
2826
56168
6761
92701
65651
84499
61329
49391
10500
41064
12621
36674
49636
45877
21912
91048
10315
64000
8237
8716
21652
39471
6554
47274
11911
85324
86291
11390
92264
58572
67415
94015
10118
40896
97552
35302
7132
25623
34160
87283
12715
63920
67359
91662
82571
26739
90931
46110
48359
20538
12946
78858
28884
86974
17664
82901
86600
11020
62239
16998
26696
96705
98918
11034
36804
27127
12595
95736
60335
48382
34854
8247
8223
70513
88496
9089
15789
17725
88705
79481
78629
40250
79416
2767
57740
13318
13067
14303
32880
60573
27913
6769
49166
58459
10878
63814
96740
34058
66176
19090
59423
38164
48320
92930
51699
2093
11087
48560
47523
33506
49476
58395
31941
26691
92996
67278
19506
6711
16171
81137
56854
76343
89145
90770
98049
15381
67269
71435
44571
65142
65965
19494
77717
86160
27294
78787
78960
57363
6072
82995
7674
65503
66631
69123
86985
65878
43934
1432
70127
27023
92287
33936
77990
7555
65729
35292
29500
52160
75076
6886
72469
74810
68859
47428
21022
11193
86600
7319
49377
89792
60972
6819
7890
88628
75146
34862
38891
28750
9437
50269
67002
26080
88016
31692
42129
30659
12681
80466
83993
75043
26047
29505
32906
27728
79638
83615
68841
92097
93164
54682
27691
3219
24532
61375
84229
92501
50751
37983
66504
31436
89947
56131
92893
82761
23681
34323
23963
95099
9282
63656
25918
17601
35928
79899
56511
73545
46128
67278
63757
26535
97695
84045
74563
30234
61330
84881
24018
52123
18212
54603
91156
76455
61391
47273
31711
67938
39212
66852
49734
78789
23690
24983
63822
35997
73690
75292
3502
60341
20128
58595
71750
23335
23558
89109
22449
78202
16601
33366
23708
76669
99429
9057
26634
90343
66054
33886
88577
70255
47250
94081
63043
30173
21961
10794
59058
93929
49769
5679
48794
9833
15094
43273
44541
90461
82015
90019
14001
11847
52373
33860
15755
5556
62919
17361
58901
88239
65619
42350
15462
82586
39394
12971
26142
20279
6535
74888
7577
60305
86297
15164
31298
61880
6336
32957
99039
33564
13880
51323
41385
57262
47709
62373
64636
36421
28526
4538
9405
34971
71436
95199
81030
49382
30489
17073
87625
89108
29981
46614
40624
50183
546
45556
6279
96153
50985
69153
44934
3834
88270
6134
86500
57972
85793
85072
32249
447
73575
57210
43540
10019
59936
37116
15515
51543
33062
1823
77900
78733
15143
50750
83413
9375
78015
34497
84919
84849
50725
99963
60152
79649
50911
48484
62057
90889
43452
24023
73691
38749
17191
26801
62731
61224
80622
60441
61196
82864
92808
87953
55470
22325
65814
94331
32620
3908
12276
60293
7682
60726
26303
83375
14514
20610
67875
31917
53567
49610
52035
47773
64085
49158
36916
44934
3132
47096
26160
92103
90143
2791
85075
70456
4281
42976
37738
58956
14883
6797
11753
87485
12666
54819
11946
48043
64312
32144
42116
82311
16108
10721
91743
9624
48213
72684
32798
74140
17855
13919
33570
87811
89256
95740
95413
93222
66410
93212
84781
67678
71965
36040
96108
36243
99094
34145
99960
95953
41183
79573
56111
24775
71977
98207
95721
25979
82387
65622
495
47733
12261
61490
85926
49010
43281
37716
76461
95559
10503
88722
96088
49937
3655
51319
82745
21417
16875
70493
43604
70370
19684
5015
64170
24729
9262
30981
18132
2599
84113
49755
90550
60224
70250
89845
37424
47383
38889
15684
19736
99730
50789
90495
77792
11651
68225
25009
55180
23247
89446
63112
18011
3953
79114
78275
3365
89192
81232
22221
35299
46875
96958
56119
91918
46987
79758
88403
77415
2735
89966
30979
65319
62548
55803
58200
40954
57188
71395
87376
75316
74036
85982
15526
54582
70738
59455
96898
76890
43741
91428
92547
33947
43503
9180
62013
86230
68288
64763
36924
79583
37545
22351
9486
11042
75782
61558
67242
26391
70458
43605
84510
47013
68494
80665
50920
48972
64533
88357
12348
2513
77496
87099
35284
70798
16179
18559
37045
95732
36461
77903
41176
51246
85157
48885
11187
36395
61455
20477
43379
82004
93929
97968
10380
38759
13319
84321
97039
96283
42449
71718
28543
56364
63714
22963
56783
50108
21852
35517
67106
1835
1324
7434
26533
21830
74428
65659
31077
64571
31224
39541
30011
38458
74540
15271
97727
26875
449
40198
32654
15288
95091
1235
18748
12523
48355
95036
92073
3388
38824
9366
10296
18843
78514
36937
73997
93203
6534
61586
91674
92925
17590
100
50143
6479
22873
1716
98743
36414
27144
84212
11250
61404
35664
64027
61004
55078
75849
21520
80231
25399
48771
77465
84780
84522
59413
11910
91119
13438
85224
41364
34850
23131
69225
28707
16384
80312
16124
19950
62775
94788
1337
31088
77208
90200
92513
61830
45820
16550
75170
9179
53351
97099
82007
45183
80922
5839
40802
12735
71465
43362
23771
92652
97255
98359
25875
57191
50852
70611
45181
54471
3856
6211
47647
47938
58984
40459
90101
39476
9976
96593
67717
66828
23917
57050
64254
4184
5103
59976
97601
65317
81196
23601
97679
97448
46794
86124
18757
2957
99496
50889
51616
11664
88409
23472
90991
22956
77939
21539
10106
92547
35005
7047
43096
42763
47157
98302
34369
66011
32646
27446
83164
73703
95884
88037
66448
95183
33425
14413
12222
23131
56134
72069
54869
15905
74376
25112
94709
36882
11224
97387
71690
61174
79402
66407
18346
70753
66497
44471
94410
34312
7910
18950
10888
67005
41342
62422
41078
82486
93254
22619
70918
35176
27135
13698
7961
55602
85747
51543
53170
37485
23939
13179
84526
72040
14027
82341
18921
86239
80118
12840
38262
91988
83932
42055
63637
83859
69153
48017
43613
64702
90127
12043
98785
42104
75108
41505
20117
2269
30821
46498
386
8908
93920
95414
20639
66805
14263
98932
35388
28018
5917
64406
51054
80976
86457
38460
38245
17342
74858
20965
20318
97697
48926
18813
3793
39437
41607
94175
8136
71879
33041
11386
96344
74797
36677
10352
43678
78556
24643
1061
32676
56166
21637
94710
71931
12461
94247
53427
86873
43470
50795
70616
62065
50868
34002
32521
80558
34577
10357
14830
45267
5306
28360
64719
36959
19636
15057
57192
41855
33194
87952
76041
42587
9450
72435
50074
73538
31053
13133
29736
24540
71867
19931
92124
9261
91171
57912
6508
26412
40143
26534
42420
54340
29517
75218
45525
41605
66617
41438
42686
33493
14168
62070
55487
16841
94179
38292
46290
28034
17307
58628
49082
25548
64473
66056
79422
63918
19058
27494
98495
13767
10545
48822
17172
13730
76452
62047
37066
49066
81556
57103
75247
22364
90734
85995
37213
9281
28130
76526
35623
89890
28567
93718
90268
1573
53310
91060
18583
9396
33119
97150
72139
95951
60243
11340
99742
99767
82517
42495
72936
60287
41095
65468
55693
10400
1845
72012
18376
72499
85033
16541
60913
95852
47568
52344
50349
68677
72697
14677
74032
37229
23597
13444
5767
38668
32864
18355
81356
65357
38080
29806
79029
43297
42164
50313
72276
83198
26487
62528
77937
83851
86411
83443
81260
51008
92475
71656
82505
72901
36413
62913
13543
4705
48518
82095
92873
92460
5814
95023
22981
39409
9924
80582
59228
54204
37496
40112
7601
45198
9799
82213
8660
47050
24838
97014
76861
1206
42189
40930
12285
20086
21724
37424
72110
61184
84739
18839
26666
83218
69013
24817
54832
31704
98381
45237
32519
66471
73739
42048
57584
58378
75588
70172
29210
54208
34417
22612
40917
68580
61631
13021
70482
18127
67576
65722
70203
12687
68
68553
61059
74455
54332
73670
58697
43333
51940
92474
98316
85642
9525
68254
85405
61522
79285
84293
68930
7996
602
51204
4601
65654
19315
32489
12192
54357
56610
63353
24562
62988
46522
47009
9529
93692
54513
85444
64346
90228
1125
77476
14874
79893
74683
93166
33595
8322
39585
55063
71286
11914
1614
54569
33563
49432
50963
64691
21664
8365
42095
22893
28790
46868
36214
19930
12644
53781
85320
79578
52068
39883
57669
53271
98055
42169
9275
11062
24929
85941
79651
19090
46627
89914
20037
92562
26916
15730
38468
56993
34130
46017
89330
68699
57461
16813
69107
81508
43609
45985
52316
58353
84417
91914
9792
18006
33307
14456
66956
32021
67706
60323
54883
71272
13103
20300
70740
80257
3017
94961
81054
16266
89616
49015
62220
77149
39712
6310
35638
16714
59304
97238
14845
1141
67342
56605
82778
59565
23436
51216
90446
16937
34467
47950
13175
12235
79103
99039
37320
91677
56920
65094
97261
72383
72847
25610
31776
77876
56544
62187
25137
78195
4747
53072
93081
37371
86625
61702
57236
51157
95474
21898
66666
81490
6473
37451
72588
37374
83064
24876
47902
8081
89383
81503
80591
88869
69846
87622
29829
74357
46045
76557
93757
769
1476
93793
41502
29619
12098
18830
6492
13608
66764
6432
38565
77543
22506
14662
69976
36566
44133
75577
51965
79752
53597
69971
32052
36210
33700
8735
94101
37810
32286
3104
99716
7587
97119
53382
80812
96967
23465
18212
6920
28637
744
60661
4501
28430
55077
37430
57713
12404
93063
98243
44074
24664
27343
90684
38853
97200
36215
87313
58248
28138
39058
57656
51805
7774
98898
25474
34772
25266
57610
75193
59972
57257
37157
82355
35663
33645
67634
13958
2231
24551
60385
44501
88566
71370
41296
72876
68375
4061
13402
75322
94838
11271
50386
49321
25262
23963
91285
72020
25448
94783
39156
59011
79297
55426
73876
85628
96378
43040
37768
23076
15194
75566
59992
19810
83684
38809
48255
97432
31324
22945
12175
80891
57278
34370
17490
72734
75662
49970
6862
88327
50265
10119
32416
42469
4877
40745
7518
6815
44302
23403
23061
38286
86653
99938
37816
23933
57213
83428
86832
65652
14006
24180
76988
29396
66871
58850
43117
7840
50736
76832
35208
47594
2262
8866
68939
3309
74679
56629
71778
72409
25473
86767
92731
85790
96767
2146
31244
89943
32392
75414
70818
61885
33738
84406
37940
21120
83496
5152
43193
42232
15672
2617
23548
32681
2645
34181
81130
77086
31001
25911
42469
90964
26274
80591
86627
67893
68030
74827
70505
22144
10056
88610
11353
2530
55599
89885
38514
39830
52098
47739
24374
93482
53334
72396
69088
62732
46022
47821
3666
15644
76626
24933
63192
60863
66573
62434
55478
20595
34682
81611
29441
78820
59376
3996
41686
48084
9223
56249
87928
81024
32912
44793
54203
23221
8630
1894
10871
91686
42422
60618
65664
73943
19415
8729
14690
78755
3400
36721
36067
66969
29370
19751
64080
92154
47938
11357
21158
47711
51632
87956
53354
46363
22878
87438
39487
74154
53992
31180
21075
47753
33557
80469
35252
25646
43864
41195
66299
33384
14360
60545
53827
12751
94726
39807
31700
71498
95867
40250
10646
39067
83841
85078
53349
57988
91375
6751
58837
45140
14421
54542
65027
37008
21235
1003
93334
68658
24734
14910
40438
99947
83900
88457
29709
29841
96899
68378
66821
20903
7721
58143
65827
73070
67541
89497
22094
54155
61248
38657
72640
19895
36663
34117
75998
3529
54708
7513
82867
66947
13823
91225
82260
35249
69312
47930
75871
97395
25399
87752
83628
47427
51434
97772
55862
63211
95308
40105
82563
97184
73277
31345
18040
41497
56510
28154
68003
68902
76279
54455
79604
67067
22808
37826
42135
81055
23346
84387
18771
69452
2668
33909
97173
83892
92024
21165
76719
75005
14865
36813
5809
78227
49674
33609
73515
17375
56203
80098
47953
20542
64207
21831
46046
50891
25241
78724
17392
37494
73609
6394
72646
46126
80008
82287
9332
2410
3173
20352
28365
70857
30047
59468
86881
80267
41227
79528
39389
93220
27839
37580
96613
79542
57127
50594
29986
78422
93115
95651
52980
98514
4731
7854
1879
86754
43219
67465
21112
3708
10369
85615
63506
2826
94033
64984
22266
53459
57908
15624
33978
72797
65306
9098
79739
63312
60295
26454
46213
36170
14074
95793
85954
80430
89415
5930
95340
80510
73684
13386
86890
12876
96608
64315
84901
52996
87266
31590
88572
25657
14014
70538
82611
6616
69780
4543
89403
66303
79443
73252
48966
60079
43305
99997
33492
66441
37907
94363
75778
82126
19286
66862
25621
81458
47351
56332
91170
91021
18140
96610
76641
17479
64446
51810
76254
95659
83911
44262
69410
97098
98096
79435
18325
40996
20667
74378
93913
13362
19337
97161
82586
66382
59292
3198
4655
73074
96470
54072
1743
94715
85391
64679
49796
77294
63160
413
15132
56575
77952
59452
63363
2686
59444
41872
60430
27736
6961
28454
60725
51334
32070
29942
97552
94025
40495
50428
88441
62965
96137
88251
38090
26170
48029
24718
19252
82183
43516
80298
22003
86214
18486
22742
46582
10784
68379
50271
67795
28172
93317
95250
49365
53477
46251
61621
59188
81140
92033
54960
67393
36386
79870
25974
7406
94023
49055
98785
97464
66522
13232
2604
2126
10800
27406
77852
19277
59271
52230
73713
47279
38588
83546
62493
21664
82989
79707
14686
35417
79735
88174
96441
20874
70319
3543
74568
11476
86798
679
84485
37766
24331
48034
23025
11158
3839
16011
53183
83530
89770
79980
95489
62025
24890
49461
85663
7782
71830
23069
11792
61873
31174
51653
82747
44940
14012
25550
45340
19636
99859
61717
90731
82905
54566
53758
28065
46703
11474
47673
74591
50788
36213
32445
34539
87237
1481
66966
90777
56390
76879
36775
37944
84672
23080
58587
9363
45078
29550
80439
77110
90045
33470
45841
51639
30376
49349
19576
32831
55600
46839
75624
61936
17776
92715
61736
15194
41311
77087
71324
28242
28719
6016
43263
95160
22638
49885
45463
37390
55211
39262
60868
4158
39691
7762
37313
10733
37626
63693
70282
5961
49276
53221
94033
63401
34369
61190
9464
46826
30982
83198
835
85509
5274
44937
98975
3484
26231
69128
25584
89913
98477
79068
23786
45395
31867
48565
29798
14040
74852
97351
71416
67822
4276
59319
2543
81297
24663
62864
83388
28527
87188
23055
90301
50954
82578
30674
92145
40574
63756
84404
84332
13061
89835
97191
74208
84281
73861
97961
11306
96607
63664
58205
48652
46661
32271
11072
45722
97118
22946
21802
54258
17501
53322
80189
22433
44179
59782
48857
97362
27748
96493
16556
60894
1478
3436
66612
42404
46918
24604
95616
87431
47085
78736
60766
90865
92448
58319
18624
73595
88037
93736
43200
11286
99498
71861
63147
98040
51458
61090
62584
86722
665
65745
55164
70338
88621
27953
19590
38800
24463
12388
15698
81614
50360
43185
6286
21425
25667
7170
2943
69483
96548
51264
48126
76138
30748
85120
86351
33469
4411
78959
95489
36149
18842
38039
83012
27528
40034
71448
73090
94381
1610
8795
20682
19754
8336
79119
82623
45271
67037
90000
80624
44995
53194
47592
49383
83247
50979
95786
2718
61491
40830
45582
46570
57638
82804
16136
65523
57502
18835
15557
76097
48252
52589
43285
16913
22671
69365
98072
7203
72085
94238
45461
2231
17739
83023
68031
22151
26447
83378
10723
95462
97761
47232
78724
90039
88161
36317
46538
89847
15431
39029
26908
94099
97512
81400
12730
50061
98302
12948
480
66586
53594
48982
81015
5721
71633
19052
56638
31101
56448
98078
13958
75589
72469
21863
17581
99010
4464
99268
31387
92295
77723
91038
87178
76914
1959
52829
596
40902
49446
50610
91896
83897
58516
47918
53339
92641
61402
37975
25847
29417
6186
46966
84400
69114
73526
19604
55962
727
40588
16367
82951
19849
42542
93330
41971
94527
74289
67672
21907
53269
58111
59032
54558
29006
84809
51570
72100
19466
22680
64346
57888
67948
59302
77617
96632
79341
78134
24966
11684
93696
69980
67398
82548
56917
70824
8766
37413
56253
63556
36376
70327
17619
70012
21820
66334
25615
24832
83369
81105
42322
49581
73964
51788
22414
69645
79992
35514
92869
11168
60806
47136
81251
90261
39277
97339
1801
5899
56195
67944
67078
62467
73950
13832
25343
55868
41595
21188
1274
6325
91199
16775
23178
809
27294
69848
92
46972
66096
9441
37264
92076
40446
26047
5431
72327
75164
47878
61951
56682
2180
65686
21226
335
16186
92688
24824
3372
99620
89335
18892
32494
20692
82460
66302
80866
32751
52797
2961
39709
13196
85006
28827
39325
78764
52273
20125
97085
62270
41103
37573
44171
55587
39501
63709
59961
18759
73675
42106
62959
93244
94364
20371
82411
92424
92458
62249
42359
55548
26680
93393
60959
32293
20290
64300
86308
8173
75359
26556
2434
58221
46316
16268
19054
73192
63232
58297
49320
39292
83455
87784
78165
36146
76190
97877
87593
52600
16271
92996
78426
25575
70839
93222
88453
163
19660
71845
70364
91859
70621
39901
33324
25436
44577
9843
81143
37363
13661
15713
81634
55994
36764
27127
531
28892
78488
84992
76482
73633
38848
36822
28954
59965
16054
70028
84680
1289
33241
44485
40841
34439
62872
79909
9901
11670
36159
56131
93110
6088
80838
20648
64351
76947
59119
44096
58244
92324
22252
67722
64302
28265
67350
42094
15096
54183
72864
64370
83210
2572
85637
25099
9564
66751
32284
46610
90724
61584
44708
78210
95915
35391
43316
34414
11851
1552
19609
99294
24799
55716
88218
23150
34087
36682
92144
46939
3026
41410
5665
42868
2977
30203
10892
66133
74121
35631
10191
42991
15907
74740
63950
70281
10836
12430
92823
88572
51472
95405
27583
58733
79795
15458
16333
70217
39781
64039
79000
67817
3838
51256
52216
15197
51769
40917
1207
56384
45156
75618
64573
59759
83677
71295
54985
79313
50941
7057
70003
15862
68880
40719
77800
39704
46760
79402
60103
2022
85236
67993
92531
87818
64024
67645
58135
38403
3877
87652
516
83867
77235
24161
29399
45447
68351
81079
1615
98065
73080
57150
26346
25954
23610
7590
82574
4320
38437
74022
81118
84054
2237
42687
19994
83099
69100
9042
49285
62295
43802
87368
50172
27452
65222
95510
16025
77112
56398
2055
46877
23044
31523
87972
35886
3054
42305
62468
90870
16240
55971
21797
90929
80175
27394
89728
49353
72069
68581
7839
3551
84976
91912
52439
87197
53729
28919
67525
37486
39517
8535
89617
64605
92971
41237
26651
79117
56050
5293
51498
48143
76064
18726
89015
55856
36724
78183
31775
55530
41306
91057
4381
37528
34164
34583
47240
40824
88792
9267
42436
15076
20145
47584
38662
89056
15575
58458
19869
76600
75191
87901
51463
12483
58114
9508
96350
41694
9824
73944
68531
56181
78693
19032
24821
61980
20270
59205
93073
35413
26088
29837
97436
13036
74357
87804
3932
25921
97608
40011
70018
64171
95009
64150
11224
34567
26031
65809
91957
67432
43190
55929
98289
91135
14145
38460
73583
67275
22848
94040
82726
14808
55190
62086
55473
1728
52558
51430
90079
13448
47979
89071
82081
56244
56189
72898
37707
47619
65101
32593
10452
6656
4358
44875
59024
55946
29110
71202
1962
23916
56542
91039
58860
34444
57612
17536
76518
41346
89631
80505
57099
49641
68772
33640
75041
19901
73718
8005
33791
52144
85693
45694
79134
28502
94655
43512
65549
12887
96582
59095
68179
28594
93447
59782
17378
82843
23466
97560
23037
70839
95052
51546
72186
39000
57720
45252
42646
98664
34589
32413
96240
10495
43541
22988
48468
1893
94409
99834
27988
33034
67062
92287
58385
3493
18876
6090
28490
16826
96539
69988
61192
2081
20562
85208
61805
28090
52526
5766
94007
39381
9724
8667
3935
51725
77058
63071
46689
93154
20421
30654
89287
23597
92440
12584
14353
87419
66537
90704
13584
79901
48106
72609
13206
73067
5390
20440
56101
30121
55709
99056
51320
45618
87477
22327
66091
9358
30991
43953
43371
34487
64740
51969
82440
16863
57617
22381
99001
41853
10301
15960
24254
96131
25348
51266
68496
37310
53014
91391
33652
84479
16915
50803
96535
42001
6146
29768
30256
53872
35348
60076
29438
24348
15057
85204
99187
59937
49970
83968
14910
40805
66077
1581
38782
39342
66720
9405
38440
65800
54614
61079
58626
35862
26279
85383
44412
95698
54232
14234
88394
50606
1544
90158
98282
44837
71732
77815
24549
96949
36348
47716
68208
60535
34813
57750
6916
31630
38339
61294
69697
719
97882
3902
79685
33229
80822
7843
87743
41226
46581
19875
4574
66242
4651
41779
12809
34126
31019
84363
67334
74858
70603
54997
39474
52918
25014
55118
19817
78782
60219
66196
16661
75622
45672
21812
29058
2088
8021
33787
37960
39357
14365
55939
25269
8238
90352
34448
88775
83492
41853
77364
48954
72746
46782
62369
84472
80192
85500
68845
35905
12067
53643
66123
95556
48796
76891
94152
29438
74941
46810
90441
30355
77744
86356
47914
80429
35922
14437
59506
48685
4846
90430
87952
11235
39253
52246
17602
18787
10394
56170
81152
32049
66654
47550
96595
36027
41632
74202
53303
85816
49157
39976
88759
32415
74854
38102
20411
98033
35561
91325
93801
45970
99695
73753
60813
43934
91817
66458
33627
1737
81647
75186
19519
10432
20430
36827
24538
14548
97697
89268
86193
46557
10519
83709
20464
47449
48792
62820
80917
40108
82190
52241
82590
44195
29523
23895
85041
46880
32046
90330
68312
42519
35190
80996
84133
38545
38738
76608
97208
62055
39401
62527
316
57068
84200
27088
26221
29003
27871
48866
81446
44566
80898
97026
6876
58907
56692
29064
77865
3950
68772
98335
32930
90183
32277
9352
10901
37322
79305
89885
49212
7386
45179
28312
92460
59767
74589
97947
57944
21431
87495
94241
34858
34648
71848
93941
12396
92952
17612
97657
36530
53320
88095
51832
83337
69016
86143
85062
77666
56026
64808
57451
74544
2517
31957
58951
35675
78857
47884
1773
66072
88176
21252
43115
16643
80456
30034
57896
61453
34532
27907
72953
96880
38611
92752
19816
1389
59216
93260
55027
30569
95298
69382
5627
64070
6798
96670
71206
38284
66866
65043
8522
11771
73801
15180
51669
21645
43208
98182
37977
46376
10079
66083
98496
52459
18055
72888
60908
97521
61582
10329
23623
76640
78631
18996
99408
552
99095
63037
33267
51947
81954
26750
73952
96367
38345
17751
37395
44566
56474
37265
52898
10466
38502
96854
95647
10997
92932
61752
20346
26732
38093
30612
13876
35101
79680
97958
95070
65323
25840
79637
26326
97788
57996
61065
2837
15795
17917
66910
27096
30704
97707
48644
51010
99806
9446
57557
37917
96146
93920
84177
19146
17896
51967
21385
61904
39414
43986
7915
21155
25516
16
61839
6774
41655
97669
61547
77278
55185
26636
20529
57491
96805
12091
29424
48824
14864
93639
22644
68417
63458
79243
74699
12012
78108
29794
53087
52563
5752
82018
48187
57299
32796
43859
46464
76797
87480
81190
21911
73274
24073
54141
13115
66831
83628
3700
68406
86771
31376
38813
46780
75440
76914
13639
80674
6611
18044
84531
97149
49791
29213
49089
56446
3209
18218
20916
59433
47871
50438
21511
90295
88391
39317
27534
85142
31509
70802
78911
21530
1669
44197
59237
1346
57393
7591
5275
35065
74790
21523
91622
46395
83496
38653
50240
86037
91425
21692
96355
4188
89547
17544
19427
58752
11528
71601
38038
54187
70426
38920
26511
27944
1029
88005
64752
89454
45858
23474
46729
6665
55856
5444
71888
65666
561
40922
47315
97423
90349
32797
2087
1171
32826
34144
26850
2828
57744
39973
39902
19986
32977
93965
80504
66995
69673
58007
67938
62233
87246
55248
90659
19779
82531
16121
81388
95723
64521
62050
22061
48021
27955
12392
45547
9776
74097
39370
71556
71921
60477
61883
29306
42211
62473
54264
58380
17515
1062
84301
46208
98046
82563
22682
37258
13006
83720
39002
77510
95087
42569
54836
71954
49738
97948
71846
30916
16864
25924
89013
28497
60647
36542
51569
57111
98322
4658
45847
5066
4039
91789
44828
66596
52378
39606
67491
41105
98235
86689
91186
99519
73692
64194
88020
62145
86617
25371
63745
54798
61373
6965
89064
29496
45919
85432
12261
83089
90991
37761
75885
58394
45431
53041
55002
34842
55178
83280
93053
99033
74127
96217
57902
48425
18205
44080
17212
63923
84838
83603
68724
83659
10255
78699
16446
11788
74703
99881
68942
25607
43374
63177
60704
28173
67369
8365
11248
14702
86576
16798
10737
41870
93602
57701
80935
19860
39937
92228
91222
72394
73402
78513
24411
36244
24309
13651
58123
5154
63466
26133
26056
75814
28471
40745
93192
81088
63289
62244
3677
79314
77067
87191
38940
53421
62812
51059
45175
28537
76103
11138
9423
18472
28047
15010
42966
17228
13780
56363
6919
57641
32890
66082
26867
53499
71044
15201
80391
31757
96169
1079
67131
9793
24339
9367
24403
93458
63305
99445
39915
77986
28940
87942
76044
67545
44388
15123
78464
17371
45465
716
52299
76884
8205
52494
30288
19617
91351
64465
12691
8783
56563
95767
24502
17997
96250
79104
46933
70778
13380
16325
18269
68150
35066
96952
20872
35831
32685
80080
21066
49361
31794
90750
4878
79343
39286
50488
81834
53737
52032
69683
57046
42228
68956
21356
68487
55198
27457
59932
53958
58949
44924
75223
8521
55817
65049
89143
93807
23926
57096
57900
10546
88707
79209
45393
62212
8840
55757
1283
40144
95816
77635
60946
51086
41682
16060
32074
4737
21678
86541
66713
63246
8163
50244
56138
69461
68238
22565
38327
79682
21943
65975
85553
45681
27306
10771
68307
54215
70757
57136
92460
51719
45041
46739
15599
5840
57072
88332
76511
94998
93110
52402
46106
3158
76645
98251
76173
5480
54501
50415
66609
48407
93529
35844
59789
74611
31993
48016
20015
22341
74162
61050
70293
96574
134
64199
32247
47713
68707
51469
14402
255
47829
30318
7710
5564
35366
97369
43146
87166
12895
74836
26499
56317
92850
52493
90251
11827
54209
28730
75387
86075
4621
9605
9342
28242
79646
21318
49591
53896
44549
54389
65797
54427
87708
77201
44235
67134
7346
89652
70214
16299
56038
18245
70016
44199
91264
98062
81242
66746
52393
60686
20097
66172
20627
49263
85748
46208
76182
28593
17892
19153
65253
32134
38787
45869
37115
35843
2445
94116
95780
37525
90376
11738
82873
65303
58983
9667
36979
67665
3568
22274
73175
65347
47752
41399
57594
30374
77129
24269
28870
90257
69103
23801
85668
41769
51138
98624
96701
93698
81603
84598
8518
26442
8957
1162
96115
28594
892
7070
47477
38083
94748
78514
75987
19030
65590
15956
78411
26283
50465
2075
37571
58993
70532
56211
56325
69852
15159
30799
21588
35283
67273
25143
47873
37100
71391
56838
49634
59733
48947
13827
34909
73601
18845
46722
39712
91490
31297
97167
24008
33724
22984
32551
26223
40097
84655
74815
81561
80718
93276
89470
8253
26799
92557
63257
81660
2769
99755
29591
41115
29316
43116
70786
48944
30266
31425
8211
51096
36179
36863
30165
87248
62034
34168
363
24563
52834
74101
70946
75858
51804
55400
93544
74988
94361
50203
25076
95054
43879
13679
65209
96478
83140
53813
50243
60128
66372
19531
54254
13616
93089
8370
88888
64027
3595
75164
80638
45333
95133
97515
24877
64735
26536
91634
45596
12591
72925
24451
47387
302
33927
4843
65191
53279
59478
35802
13487
14620
66764
54585
6580
7444
4800
21924
62545
96581
46959
37116
53523
2964
26857
19551
55145
91390
62026
11327
74425
74749
71912
58164
8593
58148
19519
11122
91548
35776
44271
30894
3763
29571
81102
89383
26256
39081
45269
4732
59989
94243
17410
55417
5053
73798
41071
73544
22526
44899
25157
97448
62268
38860
42273
86098
4832
41863
33158
51975
23487
67635
2661
11644
82470
98118
83659
68108
18780
34349
76931
37010
32570
69511
52368
26631
91595
36250
38681
69011
34993
24903
83411
78135
56464
83178
14114
26457
9690
59011
6564
48151
4481
83873
79290
35280
47082
50523
54685
3423
27345
82623
36316
31281
14985
5166
27523
29049
59932
75675
13883
44013
61233
97073
90288
61302
81127
49907
89577
69190
25259
85006
45827
25744
56526
88096
21072
69658
30613
63392
44898
36019
22467
16746
93741
81690
30650
29201
71505
601
76838
30655
43118
31693
75791
92873
57683
70865
87190
9364
83312
99806
85897
54509
68595
4551
23211
16802
45590
75364
90623
32733
84626
7190
56774
67162
18662
44796
15131
5506
77374
27979
68292
42372
77199
10164
89849
30596
15256
76976
2401
40617
56473
73539
76461
26118
41645
24472
3108
64251
8980
5952
41253
41157
76081
29289
62063
90383
19140
51585
57916
55157
56766
39421
68205
53313
29126
89524
44297
11772
18272
12442
11925
51888
83038
55800
64815
66405
49626
64157
65747
60582
80867
49222
13218
35211
30248
73
57832
2268
25196
28119
39241
9030
90589
39336
7515
78095
80538
97803
88409
84829
65452
59904
39185
32622
94411
74710
41092
15028
95080
12998
19584
49002
49776
24863
3059
35280
86910
45556
9839
93275
23467
62729
77457
75679
91652
69623
5089
31327
60704
80718
67179
76522
34689
79370
26236
30045
79117
70502
2063
15205
21857
89003
39346
31522
50707
92438
19557
63120
71615
53057
7698
87318
4830
27935
33115
17306
94788
90014
22066
89238
21213
61997
40130
59748
36284
60102
22073
26618
30183
64714
80569
56158
46668
10339
83858
67709
15622
69652
34839
9975
74240
48069
69434
66912
1771
33606
54182
64224
4853
61819
48812
46755
44597
10025
47355
81432
76350
43649
70783
11126
55395
64857
74024
73195
52723
81789
57947
65009
23082
83815
32481
29807
33718
7423
80608
88040
77272
27110
47377
68041
33843
50686
32226
16039
64085
80076
68736
27050
91830
56020
45760
73909
35053
73377
87268
36604
14315
96414
64706
91249
62983
41540
60495
96231
44403
93241
37078
53913
3484
32468
13710
24193
72869
86663
4870
4964
63504
32339
30113
60209
72341
87680
6976
33957
58048
24318
20472
5990
29746
98447
17275
71188
85187
16153
65835
30699
37739
77084
91740
62775
7104
51757
94568
48590
45462
81862
568
29583
95884
33192
48959
22227
22868
13720
19667
21087
59360
47527
33020
11813
8388
45784
33360
12801
16879
53284
64565
9782
39453
92572
97227
45505
4666
59453
20703
54382
57311
35987
87348
60320
90015
16808
96250
60599
21241
7726
34685
36142
28131
75908
91004
87047
4364
56893
73778
71439
94834
94251
24373
13014
63681
31911
6371
8074
20027
89792
94660
59666
88869
99469
25234
1992
75648
14751
59245
94202
31563
11408
37738
96935
94038
18577
90530
18285
50702
49711
9890
5468
50999
40612
36427
42056
67134
32547
6962
2116
76167
32411
76246
33901
45980
47821
41291
76904
42803
14991
74473
30697
50991
82592
14200
720
61286
15567
10870
54658
32196
26396
81275
46370
20412
75070
45910
57301
40158
92387
52989
31241
92361
51785
47525
5908
91683
36326
52687
64928
4416
35099
76835
81983
74077
90984
44460
80123
59151
35479
35734
51616
89689
96148
97768
91443
33483
54262
2707
70530
65601
82750
30078
39303
1906
91929
80770
79933
97768
4587
68637
92674
46738
17294
72956
85888
90288
280
76272
67988
86526
39132
19745
11057
55379
28680
39183
56901
46020
96380
62770
24200
91551
97532
1848
34393
51956
27961
93848
28667
524
84492
55573
10499
37215
76015
92038
79676
99283
13318
12327
40074
11438
47742
38450
17659
50106
22573
22617
38139
61031
55998
40755
65128
94901
84905
6082
2362
77897
18129
691
9515
68412
88818
58227
10871
50651
59635
30221
72028
13040
42041
90075
43752
25855
84914
6625
71694
96573
42724
36768
99915
26917
55386
51601
28111
66319
91928
975
25457
75233
64472
72244
58109
51041
10808
30035
3735
22084
72410
41756
74679
45097
2064
92414
89200
63565
53776
95438
41252
9713
80465
35989
88787
42928
72188
26484
52267
40179
61063
45840
98241
7425
58605
8159
58800
47676
96783
27196
10407
95092
18343
77425
24711
48155
31988
27256
3440
42284
18695
48743
25990
95289
36558
9093
75578
86954
98942
56313
91804
53418
70429
54801
63742
34380
81960
18597
23065
80117
52962
88997
60319
42732
97528
62216
51194
38723
37452
61189
706
30388
37676
44286
9764
33583
88324
77107
66286
12211
5228
55472
59776
18555
94951
39002
31717
38517
60652
17036
68028
23594
9609
89382
91070
99370
93622
4658
93949
31735
44356
60550
31057
37977
83864
61833
86405
1796
64403
50518
58358
50868
48394
84152
66159
2741
88394
67902
78634
32869
82505
84682
10724
80459
42703
44104
89838
88266
75379
84052
59102
54543
53927
32568
60826
86409
40743
73215
97214
43165
65213
53741
73091
25080
79442
52341
81047
89978
63188
18961
68187
28386
99326
38035
8459
81196
83674
4451
7106
36977
81545
38597
88114
63069
14587
12506
92646
56034
94161
92840
57098
51881
60015
63007
87325
41814
66615
82414
77053
57175
44860
54274
30549
29459
45228
22179
7244
28171
48146
14365
50496
26816
96850
459
63720
52842
10905
35430
17407
35233
28984
50427
38547
96775
83823
11513
79611
71995
29394
30335
42902
2633
62811
93208
62002
34723
78712
22324
21039
97464
68072
15515
66092
14941
11275
93421
67840
18331
407
46392
98169
78709
6958
62520
82888
7054
72288
69521
83423
90475
67442
80723
22182
42125
92647
35065
45014
19967
33151
70500
72857
45029
4598
46565
23072
98153
1226
69851
7021
60825
67255
71952
93658
82423
80032
49323
69129
73875
96440
45516
31804
46364
15038
69962
62070
65222
80962
8457
88579
49372
83175
24331
74333
86271
33415
29000
1088
56940
32413
63914
51487
83421
46861
76461
59746
36883
92753
88867
2495
6098
43188
788
78201
25015
36719
21534
33146
36026
44730
47771
35200
45834
27272
2374
74820
72290
49243
31619
50259
48916
38501
99513
26444
80435
90581
25814
6011
27923
12199
16291
37512
86478
33999
62009
62680
24899
71534
78510
51561
38669
53167
65505
41971
43447
40144
45457
72266
31795
19969
44655
31009
67258
36903
7007
16746
67784
24269
97354
76497
85071
935
6771
51483
20659
4887
62669
69561
95497
41583
63923
18493
52193
68911
5499
20575
37453
56584
19318
24038
32870
82680
17270
56858
79171
66339
9776
16258
15615
70140
35911
31645
92885
32881
3595
6482
48026
32120
36227
53721
36215
9078
45703
92533
85236
56136
92064
43836
24134
32907
4548
4360
64189
58877
50756
78972
90899
84798
58085
67589
44895
874
1983
77412
95745
90705
14375
84589
99199
3914
68984
35096
94621
13082
91167
41221
47854
55721
52354
64818
15067
32053
58735
84827
5207
19025
85978
65916
46713
12296
79100
84821
72430
95374
19998
95628
42818
6119
21744
27297
38571
14801
73943
38720
33562
1091
26161
48319
98655
65968
49998
10292
64407
47975
4525
7456
77598
58744
54055
86515
46646
95446
66349
51323
73690
3956
3274
83206
26470
12295
38973
71043
7162
75146
47337
95469
74482
1665
6672
275
67490
82400
53455
2178
39736
68963
35670
88654
93119
39740
21447
57401
29064
47746
739
23606
17100
45734
25246
76971
29818
62535
49444
33147
96803
28099
7813
72818
9619
30311
41310
20883
22584
74118
92646
76299
13637
3308
41561
77316
28987
11432
52015
47276
10329
50118
72604
48671
85350
23238
36675
72142
29581
99406
91042
39982
55462
35249
95046
97073
5731
13571
72399
69580
28720
57611
11843
21556
75802
82447
57476
97627
30432
43696
17365
61389
27840
34773
58446
79836
14553
7634
82773
49447
92521
36161
8911
21010
39051
93082
5110
51805
15237
53857
77246
87997
65257
53242
41448
39358
27363
87979
17749
84331
94584
40163
16539
82761
63288
29380
44716
6028
89277
87376
20390
88121
19495
4202
91636
52664
79184
64273
38834
67728
48145
35622
81730
79458
73487
23906
4683
23607
34191
56063
42463
33625
50852
54976
43852
62755
7624
99964
52442
10145
1857
41311
27329
80039
98513
74278
68145
29693
20529
1090
17858
73465
74360
10802
86539
13536
48737
57754
96985
53152
31699
67297
80937
69664
14805
74649
81595
14540
98642
1447
79537
44468
82787
50155
14167
13077
66797
72649
32480
89249
91478
75285
76158
9910
79252
59388
40452
99981
25581
30938
66371
19436
60242
96286
34159
69463
49736
86952
86709
61829
58350
82810
45539
42221
13039
97986
62140
28810
20472
31705
90996
15899
28140
36824
56789
87366
56513
86187
23037
69752
12848
54094
63599
68531
68658
99181
68625
4612
76016
11579
1492
23703
46205
71053
28893
50090
83897
13312
18957
27642
27070
4112
60300
20123
15428
30666
26213
71926
20722
57417
70714
29242
41890
32151
68566
34541
67131
22746
27531
21939
25570
69023
95831
43951
71775
59995
75760
21362
92840
73289
21609
27908
85995
73654
23178
11260
84021
95373
80361
7497
54868
20964
6384
64338
37999
28321
2431
98359
94298
38841
30013
52218
81183
81231
50473
73844
92308
99754
61277
63089
18204
75902
99609
59820
32655
94551
89093
4686
89625
78213
85582
8638
29703
1195
12254
83242
62534
9387
55131
43425
30572
15554
42672
30542
97634
18936
83265
94931
3558
34470
6650
1605
17460
25713
57615
80662
94369
20697
28083
30893
80707
38918
78406
28762
27982
38195
24102
45545
59161
40285
69397
7061
45688
39080
16294
21866
43230
5573
92087
91837
4612
94886
33033
50300
4179
58292
28160
37531
50802
72100
93057
37354
73619
59483
64645
35500
24940
39342
96737
51472
67097
28604
6737
14232
85494
15377
99682
27987
52645
46241
31276
35961
69215
91794
82878
10590
18761
49105
48846
46935
14291
77470
15564
59984
35147
67193
71530
54784
32978
20416
79283
29584
16871
42092
41331
70203
51619
51558
38355
13971
29539
4401
75889
41812
323
79580
85759
59800
77855
60726
17414
44853
91632
46344
5385
2741
18504
1758
83630
6640
87425
20486
23308
15210
85125
99149
43802
35537
97227
32346
34920
46599
29550
11519
42907
34299
6543
13049
53070
95297
63738
51694
71152
76876
19564
86517
54403
40660
14549
65270
47340
25157
73298
29426
31582
73651
86045
40121
8085
98347
54164
68698
94172
75579
8394
70663
61564
3926
38904
35852
71134
96203
23117
54337
75123
12487
73944
12581
28907
84949
56437
39237
82173
54691
62270
50801
62816
29485
83224
94541
6737
5919
37720
64579
99331
42053
11996
38961
69849
57606
33964
16048
84827
49224
82868
98892
19167
7158
6690
45946
58230
25401
77857
38195
60487
38006
36995
15763
7556
86673
7326
21546
50856
62883
67488
40389
18967
29848
54771
19631
21810
57470
24908
59359
56303
45807
59741
83578
8370
34960
86937
67490
73804
73122
9406
68993
55797
42209
94833
40054
66365
70365
40552
38589
32279
88607
34905
13079
68198
21017
78326
32755
97864
24395
36022
77333
14436
12595
2409
6215
62414
22459
39364
84747
5747
11566
59319
49599
67066
99566
357
78183
53154
67017
60584
53966
31976
56668
86946
56033
54543
17151
21541
3393
56666
29537
45136
56287
17761
90307
81387
3442
16105
22634
78983
21038
45291
47755
24693
64474
80831
78553
1894
20696
505
16998
82112
18520
95267
31792
2763
38683
93222
64973
47806
66718
13114
4528
52480
50276
387
61073
65084
12975
5431
97716
89198
65124
26514
94905
79195
64042
40058
77467
27743
88548
5631
36385
11709
73467
50208
4533
55564
45860
68785
47738
91455
90787
96307
39597
71399
82678
69928
78214
59069
51148
1240
34307
73340
12216
19731
63051
29883
92955
4719
55893
7867
78463
17013
37335
54187
9605
46555
15591
98305
76895
58469
34740
69066
16087
79901
23467
86922
64019
34588
59817
62350
21253
51488
5887
57100
19303
75199
19310
73575
31832
19124
65667
82891
12836
38311
69890
47646
53529
30457
39294
3836
78374
9593
42783
79090
43482
7725
25027
28622
72241
28327
69276
94489
75544
86361
59926
33746
5549
32266
40956
14575
21446
86288
12120
373
33056
72965
23992
73009
95918
47056
56944
5642
25766
40144
55781
35631
39276
68599
78202
80494
49282
11340
90585
78209
61953
32017
29378
29356
13373
17263
30373
58880
92873
10664
22358
98022
43633
32440
52926
7756
77660
40605
96857
70182
7900
8901
79332
98238
42035
12870
54989
97445
90886
61085
90450
8168
16666
25712
45564
95536
83699
45293
30503
31371
80115
32342
97732
82079
37974
77343
95368
69480
79569
5602
95113
69746
83617
978
15089
58961
71418
64075
79956
97304
68029
23079
28981
59912
79957
31877
21671
91372
53419
41609
71390
77057
69186
53006
50311
15847
90501
75931
80493
42032
92928
12131
22973
9879
94951
29027
676
48423
84970
56924
25232
20862
64635
98347
72726
31193
11895
44034
37632
46680
90179
51476
9509
46908
22218
60851
365
26156
68856
72588
802
91635
47658
66970
34992
88222
29344
11551
8034
83867
6047
62861
8566
52167
8539
13976
56143
15600
77041
18637
80277
14527
57016
46439
6057
90823
84129
24132
27136
97116
73992
12043
37253
19285
74936
18275
76117
15551
23123
5155
61162
20784
14993
11059
71859
99113
41814
99217
68589
24096
60177
2351
46342
20390
14301
57630
51581
58242
72085
83753
34532
81866
38767
27470
75422
41699
43034
3517
47995
68259
6327
13960
73693
23314
73153
20123
62832
95885
76589
44969
35901
77307
12425
52678
678
85228
66983
20982
60588
28955
70326
99184
31630
62815
551
99638
42866
46908
65916
25571
3413
10711
88702
45416
59765
53855
25630
2152
58491
27075
13299
14903
27323
45650
5243
52240
43699
6865
10692
18458
12411
28470
38830
8687
43245
37915
63311
18530
6886
40071
38951
33891
92250
2907
71792
96913
49404
19799
21059
77481
7310
58422
29042
62762
49633
37131
61093
85542
10806
7244
46054
77519
15786
35278
19630
65879
51069
70731
95015
8136
24396
79139
78203
56619
5008
77940
63584
19642
46429
62445
72090
61815
82379
35368
82370
94120
50945
94665
45764
93925
80928
38297
99714
58889
19923
95449
87514
75463
95438
27938
53003
23054
44199
77798
48263
68661
67478
58794
80900
97877
75313
87852
94311
56255
84120
80393
49579
10886
88799
48650
98968
62392
86529
84500
44417
79405
2910
52462
52538
51278
23005
49980
60181
31498
77059
36759
39986
18444
17833
44746
15836
44010
78546
47364
1093
56049
92267
81485
23451
69470
23294
25065
18734
15187
40264
23748
56270
195
45166
84294
60490
11876
95184
78396
62963
8182
2688
88239
36552
28967
81140
21720
74510
70508
79676
83295
30985
39029
21310
56133
43818
75703
20564
16877
45817
89616
70779
23529
9788
19078
3368
63364
22190
67899
19347
77730
78514
98584
28983
53772
21918
42291
95233
96324
95497
8276
12169
78070
38478
80428
9944
60274
21195
39630
89106
26084
86455
57025
29187
26286
63918
13005
69327
62287
33178
16143
25380
6496
62114
77617
3778
37965
46726
84410
72656
76670
24803
71371
21895
60887
55989
78287
6186
34490
84372
12942
18731
76744
73526
91093
58219
93100
47291
46154
44737
5506
52819
32894
72770
36654
2432
2639
55705
20316
36656
19669
36923
7669
24537
45013
35259
33148
57579
28256
9584
56499
98322
94158
90779
14232
12265
68060
63139
97971
96076
89653
85506
66770
50777
28111
87631
14216
6061
37829
10643
13836
65937
79436
71892
99433
99898
19769
77866
20642
70692
24272
9048
46457
36644
85783
67881
59883
2861
91205
75951
65128
83316
99275
61964
4762
59172
98680
37867
7066
25331
73028
29539
83092
3960
18971
7062
56203
51846
72244
89646
36903
28364
39521
31696
86079
93445
65075
8978
59717
16786
39473
67447
18566
31702
97140
88699
6129
53389
57979
38365
55350
90838
75431
98735
44636
73337
17431
31014
36759
32675
38194
75226
27023
23120
79557
18127
21413
42357
76220
86678
34632
19356
86488
45053
74433
63880
3481
16343
20580
54263
33710
71275
70583
79510
89434
57250
95942
19484
75478
25758
69319
58426
24237
27475
99742
62784
69156
93176
17966
80957
5366
68628
93792
53559
36180
36834
91968
21013
49515
39113
72420
89521
88164
13243
52737
64326
7995
76217
88259
68518
17762
44515
36377
77668
73704
1833
9036
35971
27066
70906
76245
37707
76929
31849
42084
70174
90193
61333
5625
41608
63508
56789
25895
84166
68462
31335
2218
68758
15114
90925
20387
96723
15681
2600
6321
74157
55615
40731
93275
33067
35914
62765
99901
41238
32898
33393
65916
34631
78056
83559
69585
70495
22381
29172
65369
25816
17462
70915
80638
87594
76831
38862
30170
42238
84538
42604
11809
2886
15437
10254
71750
46
69217
58379
70092
90678
87176
98530
97669
64630
57713
64551
68303
27897
68907
77345
90782
58770
14705
42803
74061
58556
26411
42522
6859
51253
47116
58799
90459
13647
10676
79274
90742
86312
5984
17318
72718
49845
1347
50078
12595
98445
24885
12395
62161
16307
25211
23685
43442
91455
70527
17615
89659
15613
13234
44458
55145
35770
63750
80519
80015
15996
92755
49278
11826
32950
94396
94817
78038
42349
97093
31966
11784
47824
31234
80703
30176
87555
25800
63028
16194
55821
73018
88846
47328
39426
38463
40909
33783
65769
13653
53119
75585
46782
42885
49677
11225
78204
88115
47979
3722
78422
20887
89316
83847
35402
49884
22482
55453
93800
15939
57569
17099
33949
57499
58476
27609
66259
92757
29292
99759
65409
11872
8755
64683
71521
496
91550
90527
80166
23808
75820
7387
51843
68140
27692
22038
1299
72816
6643
30707
14141
31208
54944
79082
51795
82764
14265
45323
86414
11522
61861
96448
51200
85220
88589
16596
50016
91842
86959
29347
18334
47998
8849
39402
22375
67593
43813
96678
78864
47856
51609
22022
57219
80911
29989
53689
1977
75801
45136
72026
16449
78316
90159
93223
20305
45364
39386
10911
35562
74096
72705
56940
66141
62450
40433
63700
91423
78912
51091
44849
70445
47542
36938
37178
55262
12545
34655
89355
95029
98913
48123
14732
83980
68968
8079
38420
73296
5441
7724
97571
23139
87400
68895
19610
3969
87898
76865
46575
63258
4279
30489
46092
38397
46984
62702
83074
79907
11042
32785
93853
78196
77398
34912
97320
78779
28462
16285
32981
25406
47798
93164
80600
46676
14771
80542
36390
87650
53907
21515
5573
45459
21032
91409
53732
11415
64212
63939
27674
57247
63441
35502
19599
5880
34324
22448
67709
70052
49908
93097
86608
6065
96736
52999
71621
25112
3629
80071
58233
88379
53421
46740
11262
65797
43595
34985
97003
83118
24807
80387
58777
35524
74058
98387
79381
31258
78287
46019
45757
43882
71122
9768
10150
70021
3911
73521
13457
49942
3111
17344
22903
95635
69564
61667
18291
82282
60335
11976
123
72241
96973
35353
47194
44233
98649
34621
38782
88283
90367
87192
74084
45501
73175
29031
51810
19882
61781
54441
42711
67724
8954
79960
13690
30038
28572
52354
95204
94034
99645
21480
87679
28705
27689
77412
14655
90622
75297
28396
23569
40852
95010
16696
17500
87792
42696
79040
69733
70894
22107
67569
14646
19378
70435
58105
44518
50109
86533
9828
99305
37813
32691
27366
53206
78258
95326
478
36691
55121
43653
48865
96054
45386
60752
13520
34157
41385
13103
41149
9997
50352
80939
51643
97846
97644
66387
13239
48657
37910
19317
38515
3912
678
51202
7870
52322
66971
63630
88246
50354
93513
14549
72125
15924
49870
92638
14362
41756
21946
84884
90088
82304
31439
7045
43113
23462
7375
43200
12986
40313
17363
15387
90925
62886
41367
82211
84380
5381
13347
67251
6292
4582
84251
66571
88342
77395
98720
8365
62521
78519
28308
48111
24905
72091
40216
82970
42833
73572
82409
91313
8523
25774
12839
94904
90245
97065
81712
894
75694
70702
60522
52667
26217
30702
90012
62185
70651
77133
89378
59737
48531
82229
54530
14523
59934
81001
12467
12822
41999
8684
20917
29665
77859
56630
94174
62613
17945
79274
14475
41664
77691
81322
51290
66057
66649
48110
33762
21601
44700
4770
19242
22827
19451
33272
52950
74955
68207
19115
77441
19373
22346
3499
23188
20972
4136
32746
39079
32960
50543
95095
96505
46122
53007
67644
10834
42611
81683
66756
35231
31508
43018
17759
15336
33187
41520
54265
40379
81926
15527
2520
37676
84829
69458
83404
63360
71980
42797
949
4960
96881
53884
33167
50697
24463
45
51125
52525
96688
35413
63370
84934
19364
83101
46767
31107
66688
31523
35199
16720
72738
54637
10362
75642
73473
37324
23255
71477
79884
62244
57368
71875
22293
11193
12556
68632
7576
54968
78029
68247
28752
62374
31479
24762
85536
76443
62223
33660
19384
33677
15087
49993
40855
94894
85629
72026
51459
18188
61974
3006
48307
65780
37993
41301
26900
85354
32151
22079
97399
57818
901
41682
87167
60203
74302
42951
77985
38199
79140
4229
40617
65273
4646
81344
47829
39503
57025
96753
4138
94482
25739
18958
87870
2279
12573
75041
69537
30618
41642
13576
84666
12953
15571
53899
31136
37557
25377
6570
24775
66376
76844
90745
34463
38687
50028
96437
98980
67589
96797
88746
96612
96125
28566
99426
94132
96575
28424
82311
52200
38365
11397
89674
88112
67502
61274
11964
79464
17093
81162
77502
93589
21504
72452
81243
44963
5953
68363
1535
90249
91513
45837
69912
16342
70597
81434
44847
63917
99631
57621
8613
63548
78509
39467
1141
99491
22814
22403
69779
21910
32333
38385
12074
9406
22074
9248
37026
25403
87290
78215
35127
41829
35900
44094
93931
66847
89051
40337
2828
4325
81203
24842
11043
71790
21123
42011
87062
73156
63572
39609
41186
93303
95065
4964
59678
68172
1936
44926
39132
83449
68583
86358
61253
26265
84285
51096
21790
12535
11587
78249
67298
64862
96162
30850
97139
74313
38251
26933
75490
82986
66318
22461
51369
94943
2572
46256
6498
8580
22047
77843
9764
64213
67177
61934
98316
13977
55178
64287
16519
59299
80683
34514
72652
643
1178
48917
19333
11971
55279
74180
7701
85377
17897
33023
3813
78579
53886
43563
87396
41628
28628
50031
70158
78526
97516
20768
21815
44012
76439
58225
41685
47837
89217
65014
29258
66366
44909
9319
55862
94208
51615
45260
25234
11200
67091
78728
62309
31674
36819
33946
89237
84171
27335
95930
27373
22835
35967
43004
41170
81422
4411
75307
56029
90335
69030
85285
46260
18398
85623
2846
24404
88698
26398
91762
49924
2136
47747
29903
2385
63728
93123
62364
76049
42806
49934
75554
5024
75131
62080
31945
42745
7649
87706
52865
96476
4535
69339
91188
34398
47596
12888
10817
5174
67857
98059
937
18811
6883
73543
69768
85497
32205
541
84343
98011
24647
6222
99604
87632
98015
14888
13709
6935
51336
14134
24839
11055
91165
78880
80192
34392
35526
19867
7971
4418
20082
76685
86130
96729
6391
88984
30610
48841
15811
63809
73353
60778
52254
20830
92713
39835
63707
9855
85862
91379
13703
40586
28997
49488
54930
68626
11939
2308
72285
72091
53450
96670
79365
982
22311
59201
29540
61057
85433
40939
65765
22605
86278
78490
90313
78193
87233
466
9409
94116
83871
88390
18941
98547
27343
3803
45748
93539
38544
82124
51541
72893
852
99607
34907
24780
26184
45339
90365
73354
10496
72815
42856
37580
79751
94959
60915
6490
9000
13237
14691
31650
57857
56131
74475
28761
85689
6319
43515
7402
4838
88991
4157
2189
3858
66191
97612
99270
96896
11703
195
14826
3309
99757
40329
1064
7830
80775
47335
77178
55071
47639
62881
95756
5791
8525
2682
83579
81974
31734
94051
98034
72377
25958
24293
28914
10361
86378
15858
12237
16767
56210
62895
63173
56016
72210
30799
49004
31925
52418
25221
89804
40430
17977
47729
53265
86193
40611
59032
43364
50657
25871
96026
4884
51796
49743
3359
50747
75238
59865
55844
69071
74018
89272
45166
55174
76749
17515
68395
35866
50519
98157
12877
10881
52113
31011
2411
25165
18103
35648
52679
38832
17274
76749
85408
49324
74216
70093
10434
68826
99950
47675
46545
15664
7176
59501
99026
36303
12367
29151
22647
80189
10478
87395
95056
21020
79847
62600
27731
85030
52695
61521
15026
26004
84625
66317
9277
16583
86506
51955
80371
74448
6332
64007
58452
26013
25228
95776
36291
28086
34527
48272
21261
34529
30345
17561
50601
85510
31135
62934
88802
57074
9213
10348
78226
90244
70546
18322
43278
65712
54829
28169
94530
78582
67751
77778
70094
8646
11100
19490
47522
13188
11909
52908
63255
33802
51464
52203
45739
48340
15189
67656
41713
75098
82523
35144
94275
10403
5013
57636
90909
44972
84189
53401
69323
60862
74808
92744
99071
62320
85423
34482
50093
92028
91792
893
87119
60262
62648
65913
39057
49808
88120
83754
43923
56277
99647
68268
79192
98327
1903
27257
3175
73917
31075
7173
91094
69162
88890
91213
97733
73734
84390
41089
41986
3342
52525
57402
86192
63863
6339
49532
21346
6079
51694
73574
10260
28278
55516
90599
67008
67779
90173
24392
26306
15336
55066
14992
12747
23369
22507
87156
44211
33746
20985
43398
38704
843
95939
45455
79126
83858
89355
22182
20891
65929
44042
59909
37083
32792
90057
59386
27492
40065
73509
94265
23689
90835
40528
49256
4361
77238
15517
65968
51954
72272
98818
3403
8251
40052
72309
11767
27570
33412
67217
3865
59028
45173
30158
90653
2853
90023
75260
56269
85837
25363
41585
66137
95148
17147
72576
9914
34801
22
14834
33627
5279
88945
63161
3949
58343
44316
99139
31071
8911
31736
25425
56055
86639
7240
30483
16799
44642
39559
89786
78455
6155
56200
40678
93034
47369
9060
67788
46423
30403
23661
19220
13925
36630
2375
12164
12436
29505
73093
81647
40988
51557
52933
49832
6154
63126
75283
72263
45435
64717
26847
65013
96187
53787
34882
88165
49314
30676
26159
36161
13262
41492
56118
89133
32253
99067
71849
30019
14737
78694
31201
80991
7727
40809
37889
1437
16814
85525
36886
86821
75365
67165
12244
41709
68856
44571
79419
61832
85573
11844
63217
59205
59117
16887
44807
98695
70312
80286
7201
26533
96172
61313
11079
53336
22538
10280
61171
41944
630
67883
49119
83421
53819
32091
2604
90558
34958
80649
21816
94468
3028
74730
53441
60979
64945
78444
59909
29580
22883
81368
50936
82996
84807
42110
6643
28952
36406
42298
45747
86905
18256
24618
82614
99686
69584
35215
51501
20110
76233
57676
50917
97222
69903
49142
