1000 15
217
457
561
526
931
632
846
638
551
440
287
252
968
634
462
213
316
357
121
661
571
451
588
315
382
904
564
988
711
796
382
506
396
998
406
961
263
457
643
869
369
227
508
107
980
986
858
550
841
443
421
902
864
411
761
152
264
963
315
302
763
552
604
515
432
616
570
910
534
808
873
594
940
965
146
569
489
801
924
203
514
847
847
397
100
442
846
907
802
575
336
682
150
467
644
761
185
440
679
586
930
733
614
879
215
840
465
680
759
879
694
244
250
791
851
351
769
821
468
687
145
204
813
991
396
108
264
878
621
301
843
188
310
975
317
571
687
266
908
813
637
159
518
734
113
402
736
374
540
772
786
424
752
980
348
522
409
813
238
364
457
803
878
233
809
351
663
142
998
286
739
394
893
411
422
995
215
632
235
974
829
786
771
885
156
997
977
671
152
339
277
649
463
691
658
377
229
537
890
631
491
649
464
803
257
741
225
468
434
866
804
542
704
917
257
404
920
594
401
320
427
866
789
736
510
599
777
775
356
757
656
716
635
734
681
523
183
341
848
993
439
199
622
315
429
723
384
356
744
436
832
140
668
630
107
484
187
621
327
139
671
950
795
252
713
421
238
559
369
525
293
566
764
271
774
216
411
177
122
453
661
377
926
689
213
515
313
387
653
653
125
190
543
382
777
575
398
474
301
930
669
227
610
972
492
555
792
982
724
250
376
143
194
331
990
388
712
724
705
236
360
750
187
140
770
399
513
945
177
478
132
825
581
601
373
949
624
266
827
612
526
444
179
258
400
710
657
640
834
766
646
915
325
131
169
532
329
834
140
434
890
111
543
303
954
684
952
174
847
624
768
495
727
289
670
386
118
468
986
433
751
801
112
204
996
711
822
558
148
330
592
354
274
404
391
689
628
471
250
580
978
669
150
234
385
858
497
991
365
287
194
484
815
468
475
602
935
355
919
388
646
333
210
949
832
914
996
579
839
517
179
641
775
402
571
626
593
347
316
893
567
598
753
301
330
933
171
851
552
213
732
515
389
765
915
703
385
131
374
176
967
189
504
402
361
870
273
739
472
152
563
604
867
889
266
707
792
338
976
146
495
508
980
469
132
271
302
176
920
626
376
448
987
788
959
212
961
573
548
164
884
780
918
280
290
365
970
135
156
788
599
883
227
116
996
458
954
799
511
460
813
703
891
608
825
846
218
553
222
411
921
893
494
364
346
569
251
245
257
304
488
951
431
542
636
606
907
206
641
336
470
295
541
551
963
416
107
575
756
783
873
329
968
539
337
228
730
723
471
237
774
947
162
670
828
827
575
557
250
575
967
844
895
821
379
961
107
963
223
570
717
120
728
918
649
166
251
336
822
178
512
978
547
163
196
203
386
770
719
645
913
204
861
893
335
942
640
733
820
969
167
924
197
782
690
474
611
765
751
635
502
166
113
538
177
609
164
280
953
895
773
651
676
751
523
752
160
551
731
943
601
611
508
997
200
127
180
442
159
309
837
331
750
420
911
295
615
133
823
673
437
710
980
393
894
220
937
173
604
854
320
368
144
117
191
133
491
405
469
821
592
577
624
506
810
250
309
417
103
478
993
748
247
492
632
537
212
196
531
575
238
828
916
643
238
598
242
195
500
431
294
831
655
370
317
609
587
709
416
210
801
540
658
364
577
359
454
711
357
142
521
835
258
933
446
556
570
135
842
413
569
660
382
601
628
451
565
815
127
897
895
952
783
804
182
916
485
840
665
661
614
583
359
325
460
618
163
820
710
455
914
409
289
962
637
441
447
761
330
330
532
179
202
506
143
966
981
481
950
415
706
269
727
235
273
593
661
817
946
845
783
975
860
512
276
288
304
353
635
827
269
128
565
413
486
793
261
637
719
587
332
625
180
846
788
113
902
155
159
452
924
793
732
266
455
453
770
106
686
129
916
338
870
686
366
337
810
332
303
697
707
201
868
176
731
793
452
953
924
734
364
513
751
504
106
393
114
798
479
524
792
115
324
749
489
292
487
549
119
795
623
267
319
188
996
841
832
640
279
513
285
643
647
609
794
689
357
988
963
441
212
225
189
245
853
737
162
249
725
531
828
538
129
731
729
433
842
241
642
757
275
758
910
926
596
141
130
783
145
278
752
803
644
695
133
518
812
905
593
975
418
829
905
878
774
188
347
593
880
810
386
980
878
318
779
443
779
931
966
289
253
255
563
900
598
857
901
495
352
642
137
120
556
341
563
453
270
843
679
903
484
829
423
207
725
801
621
965
436
249
