2 14 38 39 45 46
4 9 23 24 26 29 30 36 39 41 44
2 11 12 27 29 32 40
7 14 17 21 33 45
2 4 8 12 14 15 18 23 32 34 35 36 40 41 42 44 46 49
3 31 35 38 41
1 10 12 13 14 15 17 19 26 28 30 32 33 35 36 37 38 40 48
19 21 22 34 37 41
33 39
8 13 16
10 24 28 29 31 36 42
4 10 22 28 29 30 32 33 34 36 37 38 42 47
6 11 16 17 19 24 28 29 34 35 38
7 8 10 11 13 14 15 16 19 20 23 30 33 34 41 45 46 48
6 11 18 21 22 23 24 31 35 42 45 47
3 15 16 21 24 27 30 31 38 41
2 6 8 11 15 16 21 28 30 31 35 40 42 48
8 11 24 25 33 35 44
5 6 13 18 22 24 28 31 33 35 42
18 21 22 23 24 35 39 44 47
4 6 8 9 17 18 21 22 28 29 31 39 42 47
15 19 28 29 34 45 47
4 8 13 23 29 40 41
8 11 17 20 21 23 28 34 39 47
1 3 8 10 17 18 21 22 23 36 40 42 45 48
20 23 32 37 39 45 47 48
6 17 34 41
17 31 47 48
3 4 13 15 16 19 21 23 28 31 34 37 47
2 6 10 15 27 29 32 33 36 37 38 44 49
2 3 5 14 20 21 25 27 28 29 31 40 42 43
6 7 9 14 16 21 23 24 28 30 33 37 38 40 41 42 43 48
3 4 13 15 16 17 19 25 32 34 41 42 47
1 2 13 15 18 21 22 24 29 31 36 37 38 39 40 46
4 11 14 38
1 12 13 17 26 28 31 33 34 44 47 49
42
7 14 23 30 32 39 44 48 49
27 30 35 40 41 43
1 5 9 17 21 23 26 35 39 49
5 7 9 43
5 6 24 29 36 39