1000 50
988 666 185
337 88 62
567 864 170
169 448 91
247 633 254
239 705 324
390 893 216
977 381 127
301 462 162
154 255 46
114 21 349
446 173 475
984 820 158
473 753 254
488 278 322
140 697 128
900 816 179
732 875 85
143 552 452
635 57 188
762 902 319
430 4 406
473 923 412
864 703 383
397 420 149
979 629 246
738 718 413
679 290 102
226 261 287
433 274 241
216 669 297
981 469 114
198 444 446
568 197 205
457 102 387
520 264 230
14 421 328
328 442 22
285 818 245
123 173 182
400 824 169
85 593 131
175 216 401
242 176 81
441 709 403
924 461 82
222 113 212
591 724 233
808 536 284
860 983 435
870 575 337
137 216 61
171 832 126
663 77 435
832 562 440
139 325 79
462 614 124
947 734 129
790 862 289
892 891 405
178 260 99
903 60 473
736 51 305
782 620 86
203 506 144
66 862 98
472 783 19
385 12 134
746 352 75
944 503 111
186 602 305
597 130 257
735 787 365
208 565 272
144 475 195
457 606 188
302 109 152
341 970 408
636 179 50
870 74 44
68 485 106
869 446 348
218 976 91
121 750 332
970 592 224
849 49 390
225 598 399
192 258 61
681 252 368
187 491 149
101 65 280
461 730 76
227 374 168
40 332 476
373 159 194
813 552 374
253 344 314
736 544 248
251 36 144
756 592 233
382 956 97
322 507 134
797 230 151
576 825 16
911 195 199
801 472 218
81 927 435
944 86 328
93 170 157
457 646 325
793 937 366
504 321 12
427 578 435
642 198 427
477 395 21
274 261 255
982 502 446
965 888 397
829 76 93
764 7 217
465 665 329
809 935 84
792 232 363
266 118 88
881 511 247
279 109 388
726 778 242
980 309 400
731 894 442
516 937 482
108 950 47
261 789 148
538 839 311
919 709 96
279 687 347
564 413 50
222 898 412
981 691 251
336 542 248
14 728 223
885 546 123
533 652 251
291 681 443
135 141 201
479 169 87
415 747 133
169 758 235
780 802 158
391 978 164
686 606 116
48 107 210
976 134 107
378 467 41
854 899 171
845 517 372
758 597 341
803 971 300
92 950 360
982 643 313
187 841 435
384 938 198
402 0 434
569 451 13
490 98 10
6 782 71
716 663 378
829 224 40
269 109 176
583 780 481
963 149 270
404 680 164
816 244 48
796 809 220
109 354 415
948 917 315
213 91 283
309 29 129
631 147 72
89 280 460
878 643 15
383 284 454
691 62 249
196 185 69
184 532 415
595 670 270
623 284 234
524 88 302
411 572 451
629 54 190
868 398 55
180 992 246
542 493 321
615 145 380
953 332 361
106 257 420
263 476 479
662 322 227
515 475 420
830 933 46
513 201 210
665 632 214
650 547 78
161 274 264
454 639 211
571 543 135
415 833 410
453 655 441
938 541 341
492 882 133
524 510 149
648 717 251
23 120 201
681 415 302
740 90 57
756 406 275
780 599 210
960 54 190
340 653 429
764 112 391
405 200 195
679 549 207
935 618 368
945 615 398
539 173 52
978 131 238
902 275 197
759 165 448
542 647 219
440 798 420
153 696 295
827 230 211
320 606 141
751 294 144
225 20 142
122 968 424
213 576 152
295 624 118
605 607 13
74 964 155
703 661 465
949 475 302
649 407 171
824 880 130
807 421 418
118 250 376
905 16 433
355 370 311
447 521 235
79 452 447
681 995 288
229 980 75
914 637 168
826 955 214
584 996 204
803 406 423
403 108 467
604 750 64
446 751 231
3 821 273
906 663 321
733 463 488
694 915 374
100 274 140
871 125 111
140 155 341
285 309 435
150 27 10
399 440 361
751 8 218
815 268 279
655 402 197
142 241 392
565 319 60
468 63 257
121 608 460
248 747 440
643 237 364
559 747 28
540 224 21
596 234 393
822 161 54
770 563 175
560 287 409
845 173 458
531 319 160
154 177 170
701 471 328
971 918 420
513 374 355
310 328 195
471 930 358
586 796 264
264 966 10
902 396 281
873 957 271
980 57 448
303 53 94
904 559 179
97 120 287
879 312 175
444 386 486
948 619 457
725 681 362
90 422 271
210 835 141
809 768 413
200 826 139
5 17 106
485 400 382
845 786 186
887 211 467
979 956 108
800 847 44
648 219 415
651 981 259
768 856 252
164 509 462
973 780 253
172 959 141
379 564 198
96 198 409
841 67 324
777 115 18
913 166 244
285 344 253
129 769 386
643 123 69
308 117 217
16 270 181
521 501 69
724 362 444
875 761 430
128 931 114
162 479 345
435 52 119
95 268 83
962 860 84
248 556 363
89 630 442
774 268 260
373 396 134
81 534 101
104 12 479
51 644 472
702 940 211
894 872 37
373 452 320
457 612 89
646 373 451
196 92 139
97 833 228
495 708 280
388 675 261
274 858 218
131 157 325
173 530 200
981 882 135
360 947 174
56 525 44
712 606 153
679 54 30
272 592 305
812 972 66
282 545 476
146 120 101
397 624 13
622 113 257
107 244 335
470 291 286
930 811 409
658 534 462
84 734 243
381 745 237
839 643 127
169 896 359
851 245 412
743 239 233
231 476 226
779 854 346
835 157 425
722 92 112
922 75 463
364 133 277
884 729 198
644 998 469
609 472 386
10 791 119
449 780 138
319 373 103
927 754 200
691 641 323
214 401 430
305 188 413
128 562 109
593 873 226
936 512 351
318 332 123
12 614 50
183 316 28
481 644 119
529 660 28
247 601 337
795 440 311
288 56 260
457 206 194
934 659 29
868 909 350
739 867 65
268 322 311
843 681 46
649 921 254
675 379 170
863 649 319
15 423 65
406 164 21
252 844 142
896 682 121
677 426 74
740 751 146
438 401 305
325 240 12
809 251 59
469 577 391
109 541 221
213 942 118
455 933 186
56 781 27
610 61 52
109 69 267
691 430 111
80 851 260
282 43 197
127 432 150
551 171 170
291 211 230
444 269 331
836 128 286
82 673 270
356 990 485
844 168 250
184 562 264
989 511 421
562 644 463
315 570 379
817 705 299
18 970 171
346 256 471
563 955 179
64 195 321
664 13 57
555 38 200
634 731 449
620 777 361
187 117 211
332 221 137
425 245 203
373 688 351
266 212 351
972 115 403
0 912 442
461 982 189
838 987 167
193 56 60
428 874 264
1 149 160
306 43 42
468 599 274
902 737 134
57 349 454
692 118 298
740 136 446
528 943 20
251 24 400
788 653 463
634 54 85
714 22 478
756 390 174
325 570 467
479 408 284
98 55 241
110 177 432
585 750 467
946 823 329
206 225 148
851 324 324
860 12 423
195 345 23
510 713 317
207 810 482
110 176 458
46 507 166
578 720 341
339 704 412
322 651 150
382 901 246
427 411 294
897 643 28
665 746 255
588 270 408
777 725 285
118 543 95
229 83 235
37 799 58
36 273 132
235 119 120
198 480 116
415 685 440
694 386 265
833 863 347
435 45 334
892 703 161
592 793 215
456 744 344
416 89 360
16 593 289
922 833 156
81 184 143
646 61 401
863 542 320
949 561 140
152 151 415
829 476 444
404 266 52
877 326 293
19 398 227
109 287 167
230 245 283
654 134 147
272 562 295
246 662 264
651 501 439
110 643 221
184 402 185
905 11 304
116 359 169
166 664 477
123 771 166
325 77 307
43 994 281
698 699 99
526 266 103
421 650 121
524 357 458
981 833 403
663 55 40
284 235 165
944 553 436
246 761 365
835 920 203
197 42 54
203 449 288
772 985 466
614 690 486
984 272 281
594 229 331
934 353 299
194 809 465
138 36 189
948 984 77
936 105 17
406 230 423
874 342 314
291 40 281
142 406 79
174 129 353
206 123 184
3 212 262
913 655 98
811 158 399
967 750 309
908 942 426
134 64 75
673 287 97
592 112 131
252 296 184
690 72 86
469 276 287
470 947 461
534 418 270
773 514 111
300 82 462
172 704 225
856 855 406
216 15 411
541 778 183
274 469 79
871 596 259
285 404 289
338 407 280
45 780 166
618 167 314
42 55 99
469 616 137
461 850 447
624 643 245
287 404 18
301 838 267
210 916 261
873 550 201
367 341 389
376 733 228
826 835 116
991 461 212
445 800 336
541 479 50
257 781 17
561 98 431
344 436 118
721 33 193
259 270 19
765 212 63
434 368 355
292 381 248
787 279 326
497 813 469
260 857 195
86 437 430
958 678 179
12 831 211
41 504 430
993 915 443
313 309 272
387 14 324
223 363 78
892 82 114
668 853 444
293 190 222
873 612 304
529 616 463
480 940 73
932 83 57
150 319 420
885 404 43
159 675 377
828 59 73
604 705 33
287 648 164
164 819 334
42 856 18
262 593 480
537 803 205
970 359 272
529 350 191
804 846 30
353 381 419
855 70 469
624 587 327
202 211 206
618 392 426
122 101 420
305 760 200
289 574 296
311 788 394
759 895 288
60 71 190
705 446 323
596 612 362
986 511 394
99 776 266
763 725 169
314 206 80
347 64 112
974 397 403
479 969 411
805 949 138
265 593 222
460 133 269
533 876 164
528 145 392
34 554 45
9 219 186
358 207 11
287 674 390
575 39 355
903 598 174
127 594 237
186 741 251
590 935 358
563 684 17
285 460 408
826 225 323
828 468 446
723 859 288
806 667 349
396 755 239
854 846 274
93 513 23
96 410 481
968 329 232
333 105 426
802 956 282
368 979 13
865 925 466
910 763 25
804 678 196
145 885 122
163 275 270
638 66 297
241 941 407
181 281 318
464 269 350
243 947 274
95 44 82
855 639 458
427 510 151
855 727 37
195 284 118
738 628 130
172 705 401
211 331 181
159 317 87
376 546 42
264 992 430
209 626 25
124 529 73
543 298 340
280 883 74
854 238 199
689 957 419
716 173 393
305 98 328
116 611 122
569 309 118
191 625 345
366 21 363
96 785 311
443 321 131
249 970 83
688 997 228
634 371 35
992 222 413
30 92 261
435 25 351
137 494 53
228 375 39
271 971 52
874 171 320
50 31 447
249 487 356
398 252 195
217 190 94
757 669 198
286 218 462
99 294 121
637 721 360
704 607 349
445 195 237
722 165 34
24 394 291
5 879 337
109 244 170
808 138 403
47 223 126
870 849 323
28 461 220
10 361 285
30 514 372
556 595 21
230 415 366
446 738 172
12 640 481
501 351 252
866 264 111
105 560 384
549 458 236
390 429 107
409 606 163
999 23 359
212 362 274
775 169 166
925 834 39
47 766 474
837 225 58
467 50 294
541 852 257
92 74 456
948 954 18
306 328 27
77 58 282
937 566 287
715 245 36
863 190 87
855 68 103
439 254 49
368 477 153
351 440 373
473 522 79
614 472 323
962 621 172
126 834 316
728 304 252
768 742 438
992 617 261
990 213 200
956 87 86
189 283 100
961 191 323
751 412 451
886 373 193
584 541 227
114 862 212
603 898 421
96 749 214
840 14 54
772 30 355
640 2 431
23 204 413
738 799 225
238 182 471
708 851 357
944 981 364
236 109 391
616 310 20
748 624 24
814 874 46
711 314 413
567 26 460
778 377 376
801 81 93
542 489 210
472 483 46
239 484 214
343 313 107
193 716 60
297 980 263
823 559 445
925 848 439
639 209 48
527 687 426
555 834 398
722 401 201
755 335 244
917 952 81
289 373 113
500 783 110
558 249 313
322 366 246
431 885 358
614 264 392
47 569 54
612 830 250
53 102 97
802 370 309
22 366 478
677 309 195
775 519 216
202 41 29
57 627 422
346 883 358
103 613 184
474 206 381
806 856 247
118 710 120
645 332 162
533 479 386
693 801 82
698 184 250
330 666 189
842 329 489
460 923 295
195 252 95
496 98 308
82 877 353
651 254 438
636 529 352
170 888 164
264 289 459
380 89 214
586 631 408
498 219 422
293 907 465
934 676 305
944 466 263
861 677 240
695 369 214
250 930 350
152 54 396
613 860 199
160 105 299
247 476 399
143 571 106
844 369 147
627 784 462
845 174 486
228 484 453
974 419 65
97 199 339
153 523 323
655 548 285
842 725 23
671 222 117
951 768 270
557 507 240
573 923 373
823 752 96
780 666 32
311 111 290
482 407 207
478 577 255
887 327 346
233 616 98
277 251 406
698 791 11
288 794 105
257 853 442
406 149 283
656 504 399
525 205 161
183 8 482
50 822 50
510 264 176
89 230 431
729 215 268
469 353 114
354 299 465
450 946 46
957 579 459
148 440 434
746 607 116
192 446 428
38 672 279
580 268 194
421 215 134
480 719 409
778 535 284
929 230 213
759 195 359
889 852 119
393 473 136
657 674 425
452 926 36
424 505 453
919 40 370
829 278 407
137 269 158
846 614 481
600 704 73
748 94 97
73 232 136
360 767 303
829 956 86
518 479 279
323 778 271
20 939 387
867 965 457
35 736 44
356 289 82
928 553 24
890 574 124
307 51 310
283 225 406
486 522 124
141 833 459
105 32 319
414 674 35
178 239 310
956 768 341
700 688 282
886 582 217
511 956 466
843 389 338
90 637 444
682 334 147
417 55 165
322 744 95
677 281 209
140 979 209
115 834 356
5 499 476
524 513 377
81 421 450
132 886 20
400 508 418
348 653 396
143 975 390
559 207 116
554 725 145
683 145 119
244 599 446
156 170 466
655 589 360
153 775 173
220 479 35
365 13 353
78 380 259
58 232 358
191 356 152
372 695 455
706 22 486
340 123 67
457 67 437
646 879 125
799 707 19
236 859 124
118 759 48
741 738 330
459 266 181
69 424 216
267 693 339
581 445 286
326 879 475 279 972 992 564 96 188 20 833 277 372 549 100 946 443 47 623 881 739 251 635 677 355 186 810 732 831 305 752 102 832 500 420 846 75 83 961 90 721 122 95 104 2 371 506 261 920 583
