10 1000 1041
402 233
339 270
766 755
74 72
514 273
194 836
355 629
298 983
621 933
410 712
201 240
279 340
492 881
630 451
126 351
178 668
342 284
399 874
202 283
222 70
164 172
843 486
727 48
315 688
807 267
395 895
238 962
47 449
505 569
964 450
200 646
602 930
474 546
352 33
811 604
215 963
419 161
494 322
636 281
108 908
221 170
753 185
877 552
769 184
734 366
870 829
536 754
855 31
504 289
685 927
778 925
833 785
344 640
283 985
67 99
81 843
267 145
862 717
952 926
109 586
205 847
541 209
916 714
111 133
179 353
272 793
31 591
290 995
514 145
488 611
648 184
530 456
351 821
477 533
17 314
610 513
116 141
453 663
632 876
493 371
201 89
28 18
309 177
138 485
965 774
609 845
781 111
63 850
801 682
265 434
246 207
465 537
305 682
195 299
316 53
32 695
417 881
309 445
945 912
998 185
859 481
26 266
270 32
98 528
273 385
432 42
268 921
969 27
132 955
936 193
417 844
898 612
264 657
228 217
442 492
430 200
41 732
69 973
966 706
265 295
783 728
557 158
507 357
666 838
981 317
940 691
177 804
742 705
714 50
576 680
717 834
903 665
219 535
508 202
432 903
468 375
624 711
750 974
243 738
593 54
40 61
924 258
577 162
185 335
387 533
412 848
710 731
936 246
899 985
416 739
787 36
938 109
799 444
450 833
979 275
165 695
680 414
687 345
106 114
986 619
802 582
727 160
731 963
791 741
341 885
664 373
334 902
49 312
299 828
719 962
17 256
235 690
293 115
478 681
601 559
616 360
362 685
254 516
535 385
551 840
973 857
697 796
330 336
674 733
830 932
57 418
123 617
408 524
211 54
430 114
887 976
353 786
228 621
716 472
787 768
142 977
428 557
627 493
699 340
303 760
472 307
147 751
349 881
175 382
594 868
792 99
675 249
743 800
311 628
780 123
628 128
265 869
1000 947
25 829
94 106
178 831
558 753
502 224
836 629
378 894
285 467
972 965
405 230
446 220
543 612
384 907
613 64
121 928
134 459
978 440
368 694
943 110
477 139
210 92
791 252
642 138
291 9
931 132
783 171
448 822
759 75
454 419
739 213
812 780
427 897
412 725
225 149
660 825
260 826
922 359
141 60
782 36
751 530
21 119
760 696
505 610
499 12
263 487
310 288
888 469
777 1
104 860
197 523
332 299
448 413
929 616
310 214
519 251
63 541
501 792
995 636
892 404
106 680
698 713
672 490
911 703
567 431
164 496
452 80
589 927
925 848
654 393
787 56
431 652
144 720
900 2
418 8
2 610
796 484
724 606
289 30
895 811
584 383
282 530
255 982
243 556
219 221
457 816
582 453
773 308
879 698
873 808
472 195
792 949
366 994
141 350
781 994
1 634
245 54
876 271
443 977
597 633
33 953
980 991
260 157
322 767
122 86
52 818
613 181
693 438
536 447
570 859
32 438
795 178
549 19
911 958
660 96
867 653
668 950
928 142
35 92
318 314
551 735
833 110
927 10
867 685
228 328
910 126
61 244
882 384
761 63
463 484
120 44
986 250
612 60
695 546
79 938
733 473
376 77
862 117
745 974
661 875
643 678
713 915
259 998
192 302
9 259
622 547
421 529
8 66
527 896
652 340
413 464
386 847
500 784
518 264
368 521
167 165
424 557
325 222
489 868
292 521
952 481
943 973
421 480
859 329
600 314
28 669
251 252
382 270
724 709
198 480
152 614
294 957
615 758
459 966
264 171
917 23
12 747
123 72
277 399
280 479
120 767
152 336
687 758
939 812
683 946
502 565
937 624
967 313
455 924
687 559
985 496
877 572
460 519
918 375
821 201
437 305
212 601
718 522
624 644
46 848
532 383
876 959
381 590
902 889
384 732
640 528
693 608
646 935
482 678
125 599
365 344
733 423
1000 434
626 679
987 568
700 719
821 15
216 83
545 408
197 107
108 956
778 210
470 598
77 942
891 930
382 775
562 424
561 422
174 364
673 580
869 463
529 525
138 291
765 361
861 273
280 631
738 748
209 258
67 817
535 243
482 794
419 886
809 286
970 696
768 430
888 523
116 16
320 385
763 740
277 377
174 325
389 796
776 858
164 857
452 966
512 788
947 893
160 948
345 84
565 642
509 517
187 205
599 92
95 669
551 723
818 642
239 142
120 326
422 851
742 250
369 468
153 268
757 191
922 532
237 16
497 807
749 951
389 333
101 437
104 224
19 711
234 746
275 560
996 261
865 982
710 387
232 773
360 564
729 30
428 905
569 640
538 908
999 566
718 236
674 919
522 394
686 826
154 416
768 71
112 298
177 180
649 690
725 932
231 912
98 573
471 427
630 990
282 255
258 113
811 248
786 605
651 634
423 822
277 536
400 405
572 407
480 410
613 912
152 406
655 803
40 229
311 666
468 780
618 598
957 121
86 181
401 857
476 710
86 924
869 770
182 404
839 629
826 594
877 11
769 660
759 411
36 33
109 664
583 681
276 580
420 559
674 763
437 790
920 174
414 389
525 726
166 647
815 523
447 352
972 90
30 835
541 130
90 407
702 41
457 341
259 209
302 862
988 581
928 100
409 718
205 764
146 495
773 179
995 803
647 865
691 5
93 945
319 267
704 563
11 997
806 315
955 304
208 840
374 75
807 503
459 453
173 860
860 906
129 778
998 34
59 409
379 325
589 628
789 98
622 253
171 474
917 911
817 795
370 412
368 355
744 588
219 197
515 958
375 452
323 131
212 449
165 24
180 511
1000 371
347 5
488 276
510 977
996 740
583 603
276 593
227 819
150 486
837 153
975 126
434 555
626 350
417 405
606 403
26 561
596 403
886 296
699 993
181 37
939 566
752 291
173 127
677 771
360 868
739 630
580 518
317 583
828 317
714 26
492 609
939 13
72 568
14 902
983 634
28 490
830 988
965 315
421 189
751 461
77 154
479 709
554 234
741 337
204 907
447 496
752 819
446 896
976 39
253 280
232 645
755 73
88 870
724 779
969 393
676 247
594 65
372 827
305 797
758 639
51 762
615 962
38 943
153 105
249 895
125 226
667 414
764 82
399 646
242 676
865 909
353 961
200 756
828 206
499 176
604 607
805 682
843 429
75 620
673 269
103 620
62 766
725 637
132 969
184 51
312 525
352 186
917 550
329 866
814 363
288 809
269 398
659 740
835 506
930 980
241 188
688 397
542 461
595 218
313 716
297 483
554 458
97 386
300 550
638 736
510 934
407 137
946 364
929 884
749 647
605 306
432 232
772 885
21 597
190 983
311 87
173 471
124 763
871 96
221 704
50 388
565 425
850 3
849 518
381 743
723 636
391 581
331 121
462 975
657 671
571 505
626 814
422 102
875 386
31 169
328 289
737 769
560 526
836 835
403 781
337 715
250 348
406 737
889 994
888 673
395 203
870 512
632 789
753 5
287 328
704 428
240 67
499 922
390 741
906 410
575 510
952 500
743 425
652 247
154 803
448 534
742 322
199 131
809 863
427 509
832 179
135 744
578 45
599 572
241 345
986 982
268 644
212 883
149 587
313 96
140 893
581 321
429 140
539 618
605 68
808 449
356 716
454 196
872 140
805 16
850 945
52 609
853 225
701 282
885 326
182 960
644 913
4 711
156 39
896 699
272 188
805 721
677 461
252 553
822 474
875 1
978 372
638 257
668 39
814 101
736 2
889 43
635 255
755 901
387 306
569 531
327 110
269 424
40 696
990 293
350 707
620 191
446 776
84 516
260 102
497 738
662 188
615 491
735 20
533 222
169 249
343 837
575 433
649 598
767 435
52 544
789 625
574 972
932 380
457 487
867 175
545 693
143 543
251 878
520 253
989 700
208 240
490 292
545 890
604 691
227 12
182 104
145 367
285 764
148 131
463 856
971 371
507 688
199 690
537 825
58 656
561 439
101 968
737 486
310 618
818 837
955 947
487 749
949 813
7 632
602 894
929 337
666 167
521 621
519 297
364 274
852 532
880 988
234 466
779 676
402 225
224 358
481 278
808 146
288 210
507 512
167 650
11 829
301 786
383 180
99 692
578 302
560 727
746 342
19 230
6 159
883 595
976 957
426 211
745 635
285 60
958 246
286 55
622 318
355 641
216 776
516 980
381 766
90 22
341 820
908 248
129 395
722 719
819 777
216 329
623 709
974 744
118 135
415 635
713 438
241 396
550 577
509 886
656 894
169 324
41 925
116 658
907 321
817 936
376 61
425 416
114 720
582 149
824 830
793 475
669 638
595 53
670 84
488 959
376 76
51 393
199 546
351 992
954 825
677 135
851 211
841 649
799 996
851 338
175 984
990 810
342 883
29 471
793 522
230 798
502 941
578 159
698 111
53 406
959 689
297 102
592 779
593 548
723 566
160 227
14 864
732 823
791 730
202 450
312 454
903 963
155 129
548 50
795 575
597 404
540 497
73 664
500 431
409 656
529 585
309 275
946 366
163 893
606 978
700 8
602 392
208 346
223 514
73 183
579 847
591 125
436 616
191 799
720 493
14 477
418 361
906 85
777 21
537 678
752 354
904 195
846 479
681 482
657 528
247 17
293 938
577 949
717 735
402 568
146 361
248 708
326 318
842 423
336 554
408 372
589 441
543 298
429 914
9 108
78 321
746 591
262 548
812 760
136 272
151 745
854 306
783 286
168 731
840 91
344 292
283 684
736 944
484 923
159 975
413 759
601 498
562 28
1 368
22 306
624 669
711 209
194 478
263 42
81 836
750 845
984 456
593 224
22 508
479 616
435 640
45 181
755 754
699 541
425 242
715 208
824 565
813 24
209 293
573 743
438 5
131 223
978 826
879 793
303 199
136 723
750 304
615 860
297 375
305 246
115 252
890 794
465 481
820 198
520 851
599 150
176 980
929 683
8 855
18 597
17 609
749 208
250 722
419 642
393 798
125 141
352 257
35 257
700 737
433 412
946 604
941 757
735 772
760 116
83 30
879 581
602 44
255 811
921 554
951 462
438 792
938 415
923 660
834 328
995 999
639 26
489 935
541 690
841 84
248 407
36 879
364 835
786 222
446 662
397 957
197 871
320 137
866 33
157 74
70 338
766 121
653 822
228 211
814 578
535 997
146 952
834 420
87 190
515 767
155 903
928 408
708 747
915 841
58 954
907 906
383 213
967 421
205 503
781 998
349 27
559 807
671 264
931 844
373 42
156 56
129 125
707 422
322 515
204 733
721 364
535 782
607 692
748 679
27 716
34 733
862 461
130 183
749 240
688 484
841 276
800 246
895 154
435 541
678 100
365 597
65 942
389 112
234 117
736 633
488 134
833 1
987 889
906 803
876 311
999 616
779 828
549 960
618 177
286 230
456 500
527 411
383 47
15 161
595 31
715 170
900 955
214 240
824 342
893 944
629 258
168 175
25 689
97 506
7 414
353 471
68 551
178 852
454 47
364 662
43 970
225 513
650 628
434 109
800 805
253 145
321 991
729 836
726 299
496 599
430 954
40 695
386 504
548 386
277 957
810 811
643 134
991 571
345 774
353 339
986 481
839 9
120 875
63 536
935 630
111 409
812 379
329 433
307 746
307 560
83 632
736 127
393 3
909 962
641 730
578 886
296 105
594 223
608 991
437 172
533 192
374 612
373 582
858 960
57 793
862 549
902 550
843 742
770 509
87 885
416 667
594 16
757 487
138 287
332 268
426 362
551 609
933 910
537 782
16 387
179 992
86 241
352 850
126 518
181 716
243 324
135 174
680 322
482 750
303 959
825 10
154 524
746 104
972 80
391 272
51 855
678 913
412 136
826 171
768 247
583 720
758 638
742 177
351 732
227 279
230 29
82 190
642 562
394 158
703 422
219 142
280 963
821 124
208 806
389 165
31 185
852 377
278 983
934 251
764 735
564 874
263 55
283 357
296 26
463 313
205 487
734 861
319 205
739 90
466 181
799 268
603 476
638 471
552 706
2 855
747 118
312 43
667 279
78 867
15 914
946 578
344 784
84 988
947 493
436 13
747 949
560 975
807 49
926 66
18 992
712 866
292 370
749 727
745 196
704 787
665 248
300 285
930 988
222 660
286 103
446 801
480 478
522 899
105 201
17 828
474 44
193 258
359 440
233 100
532 360
76 577
759 122
146 401
482 852
681 13
193 894
836 887
486 951
901 962
299 176
151 845
339 53
861 574
45 7
582 87
175 395
204 940
4 253
753 779
588 896
397 458
780 41
779 369
270 266
788 572
148 38
534 222
485 698
340 692
214 381
3 919
336 216
837 523
458 113
526 281
92 96
625 672
518 751
668 394
593 592
504 973
455 166
234 88
235 761
12 619
681 359
719 199
793 54
406 203
826 148
249 872
937 141
101 477
673 796
19 311
320 768
333 197
884 8
612 872
865 148
853 871
198 271
260 432
693 783
122 96
366 378
796 893
292 145
300 150
582 349
645 716
348 62
615 424
905 1000
899 267
7 658
602 327
180 429
657 360
822 50
493 918
522 755
885 524
58 557
968 925
280 899
586 220
198 182
978 82
30 922
662 859
188 264
871 543
520 238
435 583
495 219
379 433
407 594
554 584
947 934
294 355
635 511
850 359
363 669
126 310
543 273
525 229
964 733
873 694
478 197
951 209
12 829
375 372
955 246
356 803
566 608
101 506
929 290
917 118
328 241
261 154
386 420
180 11
142 453
558 850
700 14
312 83
604 376
703 405
990 948
904 71
133 562
402 212
195 931
390 318
250 612
910 966
788 715
901 184
391 824
603 261
179 414
45 499
816 291
18 741
608 723
533 259
938 156
146 502
130 625
570 3
966 839
144 893
89 817
694 969
346 695
351 54
613 579
838 316
346 121
931 212
469 331
730 870
404 982
11 417
264 316
575 398
680 652
513 172
284 396
140 517
890 38
275 19
70 116
221 281
962 488
638 61
85 327
287 847
606 467
718 873
108 76
725 477
628 408
868 430
911 510
595 908
914 686
964 702
796 989
939 178
472 313
869 390
775 461
388 648
98 422
90 41
268 919
957 500
52 954
926 746
877 604
731 141
783 597
889 429
985 617
588 122
135 809
195 846
232 532
949 784
369 59
709 22
43 210
10 695
649 938
817 813
130 409
459 398
145 72
314 307
475 502
628 687
278 349
521 293
892 294
786 516
805 388
399 174
212 958
985 211
354 561
926 925
287 417
189 945
713 412
79 517
544 500
781 74
670 62
269 519
912 362
370 263
300 396
132 417
834 927
199 143
160 828
215 253
444 473
527 216
439 36
320 6
428 125
147 643
920 527
13 706
243 404
797 724
421 398
569 299
689 250
714 107
172 881
345 102
473 854
531 710
67 511
889 457
14 930
296 380
690 825
346 236
703 488
513 218
153 66
109 441
831 556
707 202
455 498
409 611
801 519
631 308
156 258
626 294
292 505
96 987
60 978
656 495
560 943
784 538
691 420
245 930
164 864
882 943
452 958
932 717
32 280
870 642
423 986
453 787
755 438
684 182
190 400
897 758
501 119
768 107
481 173
790 885
449 444
46 681
76 406
182 207
682 668
367 585
867 837
736 270
539 918
700 291
202 214
243 625
389 303
228 740
345 965
851 585
860 186
384 411
883 135
315 814
147 971
643 167
361 411
461 484
607 823
249 822
347 414
133 93
91 616
946 559
16 447
23 151
623 678
507 937
434 391
227 606
372 529
758 901
372 244
418 242
783 357
819 387
491 547
116 393
683 331
123 195
613 479
427 149
32 684
989 187
276 90
795 352
571 976
875 972
74 902
276 785
410 5
697 583
150 39
686 776
142 42
845 589
684 891
988 878
944 48
5 47
937 378
301 888
362 817
418 908
73 579
353 104
470 493
192 282
955 687
999 953
531 244
75 908
505 663
166 535
636 163
942 857
808 480
869 429
215 651
621 259
773 252
220 556
129 714
573 400
898 596
392 111
623 788
501 905
401 327
563 255
220 934
526 27
528 533
577 596
849 166
906 965
622 912
492 344
613 846
807 105
994 127
654 191
945 833
4 126
887 536
260 874
727 624
795 230
974 639
163 316
685 25
584 133
837 587
525 235
769 394
127 311
295 601
100 202
382 872
916 38
576 635
6 379
431 350
564 2
919 450
987 343
637 887
719 66
537 37
911 943
86 239
530 687
369 286
75 606
339 223
408 517
575 610
384 996
860 786
936 58
595 591
522 106
745 692
32 309
460 621
278 351
584 777
567 503
17 332
117 328
62 547
506 348
723 904
729 64
698 774
456 501
15 912
165 888
437 341
140 880
631 821
249 464
538 942
129 318
334 279
778 772
577 415
165 99
564 568
415 698
890 360
226 227
217 107
219 888
993 847
14 832
397 580
989 164
465 911
110 936
813 769
590 169
674 712
30 542
771 609
866 972
19 147
109 228
653 178
574 863
905 724
745 234
322 659
518 404
406 164
630 537
646 454
1 936
515 523
809 644
965 555
323 211
789 933
574 383
867 231
870 761
884 848
877 680
540 474
503 821
252 225
576 637
601 559
337 526
656 977
26 262
660 502
705 846
384 291
727 169
902 484
482 206
306 961
274 210
505 332
358 331
176 585
486 869
200 624
797 149
453 262
215 111
216 155
288 231
579 653
472 986
101 95
605 720
261 403
77 11
270 667
72 712
271 744
511 679
602 472
546 523
115 752
626 169
407 531
265 479
766 619
593 738
358 800
430 847
985 520
396 495
833 289
514 774
979 6
259 763
65 944
31 932
588 378
115 204
921 454
925 787
565 554
400 721
72 84
25 151
619 496
690 20
149 12
152 549
668 639
350 410
669 210
325 82
884 933
573 525
877 254
163 536
726 483
661 348
175 607
696 471
730 694
655 401
981 4
191 444
451 953
571 705
532 603
811 958
892 647
805 701
306 375
242 561
729 592
463 494
726 565
738 719
840 524
630 964
231 814
373 830
635 677
140 192
599 676
21 244
370 36
960 293
929 437
538 898
240 634
117 498
2 330
443 898
73 468
706 990
809 766
168 448
446 385
44 827
992 666
974 686
542 490
795 477
714 81
168 782
344 73
418 924
358 935
547 551
679 188
463 104
260 556
803 193
487 614
543 990
8 856
791 874
592 545
262 631
474 615
298 683
561 421
875 70
861 873
255 904
953 118
519 761
139 947
623 317
480 257
318 804
762 241
155 41
910 918
735 724
637 815
839 742
512 705
86 966
350 770
802 974
434 956
664 721
626 620
756 54
177 504
335 121
851 600
388 621
235 455
486 781
237 390
949 950
65 371
508 473
69 825
302 508
134 75
801 162
553 862
248 191
728 179
281 357
387 707
770 271
225 627
772 458
656 797
598 188
596 128
921 818
945 180
442 410
689 445
576 765
842 496
738 136
757 601
932 575
81 114
542 892
720 174
326 465
914 413
675 498
313 497
769 256
94 10
312 159
991 497
34 57
625 207
633 137
262 507
520 345
91 506
40 796
671 663
400 738
711 499
328 984
486 260
199 35
476 352
434 246
200 934
676 894
77 995
705 485
740 54
547 143
211 289
966 178
428 889
870 689
803 528
962 730
193 561
456 698
363 468
164 982
212 947
384 3
405 272
498 130
6 314
502 907
967 399
634 702
888 226
86 5
663 927
195 367
859 629
324 136
778 599
949 821
448 366
489 384
544 18
729 376
254 757
921 730
255 677
727 760
795 51
477 849
56 316
561 131
155 491
407 380
359 864
473 67
396 132
794 186
138 89
408 501
958 439
668 837
563 272
979 27
654 928
26 462
501 708
873 179
530 256
824 206
716 976
856 589
714 140
142 882
275 443
691 269
877 926
235 222
985 694
518 841
438 625
463 888
127 951
90 48
646 606
316 5
98 944
449 96
559 118
187 925
917 946
116 875
805 846
554 779
845 464
700 756
642 576
628 571
543 990
945 378
322 104
268 216
776 586
308 134
955 77
669 172
774 709
978 498
876 5
836 895
896 674
42 50
742 461
327 772
128 146
415 476
324 668
333 46
216 567
321 756
893 28
222 201
941 257
559 687
761 296
472 968
43 82
993 39
254 833
389 695
768 930
405 801
951 663
590 478
373 711
59 273
715 153
612 660
92 763
431 45
587 239
349 270
225 170
26 605
779 920
732 414
688 430
686 643
667 287
140 337
279 776
789 208
935 557
135 293
722 553
70 897
938 168
293 446
467 915
764 990
692 257
310 822
229 163
217 7
291 14
602 28
715 606
1000 450
752 231
133 633
276 720
374 270
65 822
914 64
942 8
612 728
718 42
397 243
977 480
526 917
419 173
737 79
504 440
675 821
702 377
52 784
914 149
219 786
389 301
918 847
592 42
64 442
998 410
873 560
936 665
758 153
643 190
627 439
354 947
847 335
853 312
288 620
389 22
37 895
823 712
858 623
977 897
793 112
528 444
273 570
97 690
928 812
375 8
99 581
837 748
332 924
202 668
413 257
189 274
151 788
650 215
738 69
955 546
623 867
519 394
574 2
361 621
941 404
337 636
606 894
292 339
343 86
58 769
881 848
434 497
912 304
28 794
617 360
232 71
628 647
30 133
996 441
411 444
914 754
560 105
948 242
173 182
332 603
341 761
770 889
764 370
368 845
534 676
628 736
330 301
538 983
810 150
871 682
78 639
97 584
357 750
820 348
161 677
569 110
714 98
209 675
512 226
585 488
136 317
866 206
432 971
111 577
470 449
974 686
198 158
739 113
351 469
103 513
626 759
945 160
420 526
918 786
749 505
774 263
907 276
471 804
619 205
337 210
243 828
981 994
921 250
477 784
614 933
40 743
56 509
454 543
212 834
761 322
767 84
723 641
233 381
810 704
933 100
36 741
133 679
23 746
992 138
731 841
128 691
435 814
741 953
840 851
812 161
33 770
49 867
477 922
41 122
813 307
23 804
196 462
916 212
220 309
871 294
407 536
443 303
857 915
316 612
701 451
802 16
661 712
783 692
958 693
692 55
192 498
165 431
474 961
791 89
755 321
678 178
718 904
176 503
703 931
883 942
730 269
20 50
966 645
596 882
464 688
459 651
901 680
446 544
525 553
120 274
445 245
352 566
366 283
444 535
326 884
234 765
428 235
46 573
457 288
261 972
135 652
168 790
348 430
280 751
779 79
951 589
996 448
183 67
350 564
809 594
533 832
302 815
359 203
390 607
83 22
12 885
65 312
925 961
654 204
970 180
183 16
216 312
325 130
304 109
144 430
510 408
794 963
828 611
982 570
954 751
487 640
235 392
448 615
801 869
816 122
451 362
507 575
968 652
975 15
64 672
866 644
864 147
307 302
270 625
694 340
308 112
199 643
224 934
172 204
361 968
479 994
276 400
967 879
542 584
971 556
162 904
732 184
586 880
851 344
118 727
398 963
848 485
784 647
382 307
923 781
222 699
142 549
141 306
994 107
995 9
591 66
258 908
40 260
555 346
118 38
691 771
969 886
729 23
929 577
912 261
579 737
78 799
385 567
706 439
93 548
309 79
522 88
453 298
976 246
594 180
60 506
248 117
954 950
735 764
900 87
455 8
719 891
590 826
898 81
474 744
98 345
745 227
617 821
288 411
729 144
200 747
85 827
342 778
818 789
795 952
380 582
805 932
21 136
431 348
17 421
440 306
507 229
516 434
650 192
495 432
352 735
671 427
13 650
424 817
517 948
513 131
903 169
775 635
999 449
116 911
435 259
157 210
391 19
495 886
993 967
139 873
562 331
329 84
912 595
399 412
92 175
609 525
543 948
634 240
453 926
393 208
857 106
830 679
58 90
77 233
788 181
595 173
17 485
426 863
781 548
296 847
72 58
465 745
50 338
532 660
425 685
778 745
525 892
760 272
349 854
429 433
242 286
174 710
638 203
239 823
711 697
944 447
123 666
740 866
457 573
363 723
84 639
51 577
1 78
520 632
324 347
765 952
170 44
289 369
156 266
164 503
614 168
515 68
1 710
725 6
918 713
76 294
475 642
581 838
90 363
144 919
443 32
795 422
652 76
933 789
219 981
2 901
481 754
701 466
547 947
899 201
377 540
688 984
709 241
399 551
265 653
304 630
255 622
609 262
426 314
415 585
240 852
510 659
862 305
83 805
835 189
279 179
889 834
750 407
634 850
110 20
844 585
445 429
935 591
802 459
265 946
736 248
990 484
456 945
195 722
545 134
435 923
26 313
598 125
252 281
793 583
453 763
364 763
464 717
896 162
447 231
920 377
555 939
793 475
320 161
493 618
718 179
976 742
494 32
923 31
639 957
867 665
987 975
561 774
529 245
328 123
906 416
45 4
555 213
25 981
267 233
412 527
7 811
568 843
547 487
349 492
423 401
607 194
73 297
501 172
959 155
159 961
437 155
932 126
311 788
576 672
437 724
906 664
451 99
630 544
598 460
47 327
252 629
400 228
526 870
735 249
329 986
566 656
865 939
670 714
81 553
672 80
475 284
677 624
181 598
845 928
737 878
524 225
10 664
657 502
812 934
115 985
943 616
478 177
61 741
470 604
99 573
550 128
715 631
894 552
881 230
260 436
559 706
305 566
57 908
955 738
47 921
530 642
138 548
890 878
686 810
786 782
939 329
849 53
589 81
942 382
971 215
223 532
83 500
21 576
658 36
482 653
623 248
76 985
262 696
14 995
920 521
164 458
608 938
499 331
75 279
200 633
491 522
412 199
827 977
418 654
871 900
194 299
742 245
311 515
150 104
655 160
247 356
874 944
253 251
493 188
315 267
267 954
440 690
567 327
859 334
662 609
328 95
9 432
676 92
891 207
219 124
495 94
9 869
773 333
217 982
532 59
44 342
44 988
465 909
269 940
403 722
807 510
166 991
721 859
594 361
777 960
896 302
757 824
436 989
893 588
956 554
60 878
145 140
205 709
428 483
619 797
869 875
775 487
33 455
96 148
564 895
963 935
622 154
384 492
975 863
135 236
198 840
831 736
829 333
452 152
743 785
996 522
73 884
146 647
158 210
979 840
723 560
24 690
59 60
261 180
82 841
247 881
671 73
819 296
614 285
97 855
410 104
221 984
787 997
509 62
330 964
211 601
904 1000
930 114
863 197
478 188
469 162
926 758
183 55
130 470
539 286
800 931
19 123
425 538
300 776
929 396
265 490
367 829
901 108
593 629
96 886
958 243
653 7
572 308
590 339
781 278
287 331
979 750
897 358
509 32
751 502
530 806
273 630
232 842
613 345
860 802
910 680
960 194
152 2
447 825
311 205
19 807
114 616
680 113
225 568
238 907
941 787
610 570
649 492
401 322
798 41
185 114
358 121
684 61
533 528
355 721
274 198
665 142
171 757
800 839
214 619
436 147
101 991
753 917
277 911
359 319
242 323
217 17
520 226
289 201
515 425
294 295
844 726
558 303
254 373
456 465
301 336
531 11
514 787
20 872
637 184
160 568
396 122
710 366
419 819
250 6
387 834
980 799
743 264
476 893
371 47
851 506
408 21
237 702
156 259
600 107
403 683
36 554
727 379
423 489
523 457
22 673
232 1
827 253
740 581
966 193
63 426
411 29
493 214
679 857
775 626
885 410
613 617
55 511
193 780
286 305
564 531
496 150
701 287
749 519
259 902
403 533
239 765
946 868
605 218
429 836
244 33
318 842
756 131
474 664
250 56
153 170
437 842
119 271
754 184
732 837
731 252
823 905
828 801
804 330
1000 147
519 189
373 409
303 987
424 785
65 342
321 586
937 758
932 45
424 110
282 785
204 293
72 513
514 605
365 346
706 491
541 166
973 445
938 152
675 960
499 965
207 597
382 406
417 314
332 146
603 822
931 41
734 848
113 208
915 622
386 116
169 770
882 849
911 89
388 195
240 61
102 206
595 910
712 800
82 256
309 380
537 660
339 178
462 908
51 46
181 694
16 86
607 888
864 844
469 169
247 870
67 57
861 824
158 402
648 455
531 166
681 731
829 290
578 952
565 419
766 256
253 584
405 188
987 129
346 616
401 74
214 353
489 906
836 372
514 580
112 808
231 749
107 423
306 910
367 762
497 415
358 819
884 229
72 929
156 14
446 167
930 799
395 215
246 707
271 900
383 760
721 134
885 993
875 191
508 613
459 503
733 255
271 538
192 887
591 203
807 792
925 891
603 913
626 211
920 272
429 708
687 767
298 795
148 32
8 816
727 167
827 995
634 668
229 606
557 413
918 941
948 539
88 977
527 421
425 58
734 499
709 6
473 312
49 391
303 716
593 48
30 324
813 754
284 70
834 980
232 343
643 436
473 758
361 350
274 551
961 297
930 956
811 676
477 670
13 390
335 131
85 392
741 716
785 241
110 120
759 138
49 916
284 964
189 214
366 207
136 103
556 170
618 4
414 456
254 164
462 80
665 698
789 270
817 353
757 567
35 858
714 768
408 482
308 507
673 322
961 864
551 419
512 801
369 557
241 692
131 128
664 985
185 701
194 116
387 524
977 984
870 658
334 51
971 107
260 425
389 999
227 576
13 492
424 654
704 574
882 845
970 419
207 218
976 626
66 447
106 6
231 834
505 259
864 113
983 229
189 704
427 111
842 190
232 406
237 609
717 659
431 788
321 700
772 943
372 496
825 650
705 517
348 531
740 460
679 882
201 285
734 396
363 687
933 287
588 911
726 616
156 123
715 817
70 387
677 176
272 156
716 159
867 868
302 29
746 361
694 638
143 613
176 971
821 226
747 422
848 913
109 580
555 699
421 686
537 141
485 121
385 443
600 642
255 490
367 323
957 887
498 648
638 597
636 254
734 506
879 121
322 751
497 998
809 126
153 893
40 148
883 54
784 219
320 452
749 133
147 989
296 873
341 790
753 777
126 996
971 114
122 805
768 105
740 177
38 135
258 53
63 309
793 283
796 374
134 95
121 451
489 376
404 574
935 547
279 79
343 396
964 461
631 701
267 473
889 540
164 87
171 464
202 677
484 907
732 836
206 54
141 812
969 791
320 227
373 577
146 77
890 428
103 548
396 493
842 163
937 7
558 730
157 714
876 155
112 587
527 336
309 102
373 381
264 568
393 290
454 84
330 591
749 752
619 46
574 609
165 160
504 610
641 339
602 47
240 875
1000 860
933 638
681 532
760 992
584 611
229 799
790 856
290 55
338 477
411 663
667 742
599 29
652 828
487 345
4 917
82 833
678 839
202 221
731 945
28 591
819 315
489 25
629 281
216 935
52 764
634 637
806 202
278 289
266 863
23 902
683 927
550 279
578 261
681 669
204 930
952 350
872 967
515 585
678 718
712 418
855 450
566 313
27 644
846 942
355 402
919 711
504 249
358 256
220 264
639 67
791 932
89 187
22 352
94 676
769 169
881 145
890 588
342 286
979 176
522 831
479 924
311 178
303 744
140 781
122 955
111 604
609 523
41 702
770 201
434 317
445 14
983 578
885 623
135 555
480 293
132 186
606 849
441 938
596 57
957 74
760 669
708 533
516 155
671 158
42 357
669 830
931 801
934 296
224 339
723 444
970 776
687 724
115 3
208 141
601 247
904 320
807 823
944 472
805 680
813 122
828 18
764 864
414 479
552 723
919 510
632 537
576 437
180 374
593 248
701 317
156 690
308 1000
195 697
447 697
287 586
395 726
169 565
331 936
763 823
915 755
28 880
101 147
374 968
73 644
459 16
835 148
863 319
80 822
241 48
612 608
834 939
606 836
137 944
973 518
105 988
298 995
84 894
12 816
975 318
269 866
5 729
160 819
497 157
727 963
529 808
474 63
295 672
980 537
287 439
862 496
667 781
807 105
481 541
548 962
351 232
762 21
532 625
203 457
34 349
344 862
823 738
363 946
755 902
239 45
392 293
118 101
822 149
130 526
453 444
978 510
883 213
580 565
865 603
368 477
915 865
92 363
171 976
386 666
127 752
892 619
186 408
367 183
854 358
255 295
284 458
876 346
464 782
936 263
910 404
124 422
32 976
319 431
593 866
211 492
549 405
298 902
383 631
336 212
50 512
739 934
346 628
9 21
217 841
393 982
715 553
515 957
264 386
689 40
400 463
275 584
78 560
708 611
321 771
133 96
646 898
210 756
762 640
947 673
959 480
558 751
236 595
575 845
822 349
198 987
847 718
583 800
698 399
244 28
268 395
63 236
607 476
948 498
738 333
35 828
776 178
768 407
856 564
32 635
572 180
190 607
3 448
397 299
800 49
196 765
645 825
443 334
150 86
12 168
452 488
231 892
775 441
439 314
170 288
901 983
346 280
906 171
631 695
923 345
244 894
651 6
91 94
260 829
550 633
895 533
240 137
440 695
67 481
921 703
13 47
218 549
921 130
557 233
704 251
228 455
89 224
1 543
656 273
295 281
330 234
423 348
843 348
65 139
84 14
741 203
963 620
254 104
436 204
695 288
518 169
656 688
194 50
715 237
693 25
153 727
757 578
707 604
762 470
797 55
641 375
404 511
332 137
347 507
884 548
124 24
594 109
73 336
786 399
995 540
157 243
305 580
919 761
29 376
218 117
110 273
519 786
242 251
31 358
361 71
821 109
535 58
651 466
134 584
330 607
749 354
43 224
694 582
323 62
334 1
20 725
253 174
61 356
261 446
343 735
207 941
279 86
118 360
520 802
216 903
764 367
175 214
355 150
719 380
142 302
528 640
286 898
378 103
352 845
636 722
610 260
731 865
278 115
116 993
725 469
401 417
283 640
933 512
910 349
72 710
521 761
56 412
222 178
26 282
196 45
231 694
760 771
413 940
508 259
987 222
427 128
790 266
285 281
927 527
419 808
954 786
209 262
837 247
230 179
772 107
787 355
417 307
569 921
601 743
721 637
581 357
690 872
487 826
30 181
1 188
416 306
854 138
154 164
496 67
844 884
874 322
319 733
596 215
467 420
816 600
802 240
665 313
394 313
860 842
274 328
879 294
115 99
498 162
173 815
445 438
92 280
382 534
268 858
68 787
923 872
415 360
263 680
717 986
386 445
608 211
928 57
454 647
247 795
351 905
824 680
189 345
166 307
862 25
776 326
424 135
257 692
455 779
619 882
555 883
698 702
255 664
611 677
684 754
794 88
740 92
33 806
53 592
861 468
502 412
89 913
436 964
480 879
643 38
197 854
380 634
276 780
93 565
467 439
887 286
890 387
381 500
517 465
795 651
47 397
359 144
133 9
471 292
931 208
518 514
779 713
923 728
73 630
172 887
83 950
151 77
554 410
653 256
45 907
152 676
177 901
80 817
717 199
533 280
26 378
645 912
37 72
802 65
792 807
729 519
356 650
771 852
194 617
483 424
166 573
624 212
925 586
994 388
338 697
660 690
426 519
513 900
86 840
871 306
301 937
961 261
888 463
293 561
891 888
910 720
805 119
568 791
907 587
417 915
70 442
459 615
213 347
108 273
71 958
886 960
14 750
371 658
356 780
36 536
966 42
394 579
219 642
497 225
415 661
648 989
636 422
851 371
77 380
400 570
315 267
531 892
506 871
772 464
138 382
877 312
510 483
66 748
100 274
608 270
775 339
781 839
483 896
841 867
303 180
575 504
230 151
709 56
820 569
641 72
506 766
181 621
860 917
204 65
206 7
778 489
941 991
454 779
801 803
414 397
515 328
653 392
271 819
337 948
102 682
587 811
285 390
385 855
352 102
418 188
623 455
4 411
973 291
212 777
278 696
385 486
600 590
767 471
282 441
754 19
75 41
258 415
399 98
124 147
808 321
90 389
664 867
501 328
678 325
554 318
785 368
421 973
568 706
378 926
546 266
859 82
3 159
85 395
551 42
50 898
150 161
752 384
101 659
219 41
774 16
210 236
350 7
798 288
433 307
35 622
312 605
530 811
201 130
472 191
208 909
413 230
296 270
969 623
403 726
379 351
177 861
216 110
144 170
839 2
980 316
818 151
290 223
394 723
513 57
58 186
969 494
69 465
662 384
126 431
222 922
19 901
552 83
998 250
196 963
485 545
418 88
573 652
913 235
685 989
192 825
118 838
991 398
326 304
637 730
262 40
863 657
558 598
306 554
846 408
258 300
949 999
614 748
610 544
576 656
487 848
696 930
227 804
960 173
841 569
503 870
936 596
165 667
69 199
751 736
997 213
159 960
259 552
975 627
800 912
323 665
737 337
360 15
853 508
237 675
952 182
87 337
495 128
362 876
107 908
718 877
1000 326
469 589
388 968
64 443
914 318
571 338
897 21
211 245
650 184
153 83
714 857
238 184
777 283
775 36
888 836
729 459
214 998
463 478
710 917
205 190
155 671
10 111
648 475
131 140
681 409
955 206
613 540
432 244
809 467
531 563
481 616
517 78
253 604
785 430
927 645
370 702
767 990
653 327
858 525
193 309
522 952
987 725
691 833
381 235
757 82
613 970
884 393
403 449
869 643
435 616
160 562
39 268
809 832
184 861
833 444
748 233
878 308
929 87
377 188
16 12
145 134
745 427
507 129
532 755
492 935
56 965
761 937
783 66
877 365
738 251
200 19
649 54
692 614
391 821
371 412
116 357
235 253
26 125
203 549
601 870
485 382
384 644
388 991
575 181
614 252
659 329
977 522
655 199
491 263
538 591
262 17
696 265
981 379
730 773
60 165
173 472
813 400
955 787
866 144
55 36
671 145
856 999
233 673
899 425
780 471
267 974
209 850
550 513
944 364
78 53
573 246
814 912
846 30
951 848
997 368
658 76
871 69
741 953
652 972
310 315
347 465
588 479
997 469
843 81
317 48
403 302
277 282
44 447
389 586
166 59
390 38
71 855
559 256
894 411
810 968
709 97
934 452
140 373
931 674
975 379
710 272
85 731
806 209
94 508
843 210
340 9
509 391
542 642
376 11
384 929
264 337
677 305
585 869
131 795
79 1
110 98
468 214
158 843
607 226
126 42
221 196
7 83
20 422
635 441
605 70
408 186
616 151
66 729
251 581
44 501
591 596
527 986
706 481
950 359
137 363
692 728
349 632
395 315
964 189
733 429
441 818
284 984
889 194
716 885
250 982
387 370
215 916
780 495
744 830
424 458
11 592
699 538
154 229
805 33
72 506
948 326
508 557
736 889
513 282
770 406
701 945
457 949
561 385
704 833
538 49
245 586
29 832
256 842
298 2
56 44
482 449
188 139
41 30
197 995
308 203
540 329
877 183
942 209
233 464
531 269
848 137
270 771
773 831
802 104
486 793
696 536
345 907
976 843
794 535
492 318
3 445
759 277
90 150
939 331
594 640
147 127
192 240
229 393
538 993
994 437
239 695
560 34
483 54
447 47
591 987
375 833
264 558
636 179
319 471
947 598
798 250
648 431
464 247
663 690
852 600
595 630
138 49
904 668
834 768
403 847
328 356
545 865
854 907
825 305
208 118
535 614
851 672
259 521
929 204
192 391
329 389
331 477
445 178
880 446
792 238
919 832
292 553
322 808
77 228
595 43
85 930
91 500
759 968
288 989
125 608
172 515
876 519
657 202
80 624
382 308
102 241
285 245
899 106
107 783
761 420
196 588
96 639
930 864
671 475
797 439
162 960
179 421
450 981
280 514
78 21
150 167
869 472
953 25
722 270
660 67
85 604
146 337
254 506
420 985
494 667
346 74
543 417
34 302
369 45
819 135
602 711
97 793
627 551
824 620
99 198
752 750
40 407
236 293
120 41
770 726
5 428
65 470
605 710
315 795
514 156
275 693
558 36
367 964
96 589
688 624
988 600
986 611
910 246
989 979
959 384
891 658
295 347
60 611
479 706
789 872
391 884
961 91
412 576
941 626
103 802
144 766
412 67
490 523
119 990
986 51
400 363
247 334
304 855
383 640
359 720
394 859
785 594
38 42
682 798
860 286
57 197
895 389
893 761
598 509
747 828
810 31
254 128
551 933
818 608
121 271
467 697
552 630
57 764
492 526
137 868
733 118
567 260
723 709
437 684
914 961
659 998
517 139
900 998
823 342
793 816
985 94
487 991
144 434
667 454
333 338
268 61
102 462
501 193
195 982
61 941
874 299
165 988
12 762
886 881
404 498
408 183
607 605
357 698
610 925
184 454
981 465
590 934
604 501
685 367
51 314
963 653
725 895
883 325
525 742
914 339
379 60
547 694
82 187
199 75
653 953
969 782
672 524
842 695
221 906
600 630
419 664
87 733
635 902
489 246
855 592
153 217
82 910
305 329
858 810
450 581
5 425
376 485
168 928
690 33
491 913
614 29
551 619
113 280
836 66
946 222
167 272
393 145
17 355
163 292
546 844
779 401
481 247
70 56
474 648
123 52
449 887
532 2
266 53
133 533
613 731
559 371
313 14
804 427
415 417
32 378
963 972
861 321
435 177
191 384
584 253
775 206
117 558
655 841
303 86
68 236
95 394
812 477
341 105
207 755
449 190
963 938
517 748
888 100
287 157
616 65
398 946
237 175
459 295
587 96
109 500
117 911
612 808
460 528
132 432
91 278
609 395
597 469
447 561
811 465
129 173
15 985
390 362
578 458
853 357
266 618
382 625
524 922
377 497
224 822
857 750
836 817
486 431
514 1000
710 438
510 883
480 822
441 354
722 875
12 549
673 211
166 476
941 534
908 999
64 619
214 696
591 439
432 390
698 148
913 83
495 862
803 798
859 46
894 861
800 265
957 86
213 227
493 692
626 856
799 387
429 159
452 411
722 128
303 683
223 408
281 714
717 182
653 703
435 282
829 113
6 795
23 192
129 596
944 854
266 22
746 935
996 207
319 689
419 925
991 129
950 201
376 993
486 679
55 62
162 232
276 677
286 788
593 578
226 612
22 442
657 213
155 426
113 684
38 597
383 43
568 649
955 307
547 457
271 595
866 80
263 372
624 388
973 632
919 312
399 837
535 536
209 530
316 362
205 201
51 238
166 219
562 218
285 410
937 903
767 359
235 873
875 879
858 267
905 692
708 935
387 971
258 962
758 377
819 372
105 333
1 427
230 715
704 370
12 434
203 868
982 343
462 317
648 241
343 943
658 958
16 857
205 611
277 209
606 315
755 900
477 827
273 134
456 622
992 996
974 740
282 909
510 570
616 767
306 103
35 185
81 335
712 873
82 473
301 841
784 899
353 809
731 931
768 747
29 451
74 575
965 623
407 173
237 103
981 691
598 252
189 665
400 114
877 635
37 431
530 467
975 277
201 289
572 705
544 549
749 258
112 130
72 647
45 666
110 369
475 24
926 590
948 676
383 602
873 708
456 244
844 237
373 877
910 818
987 386
21 155
888 458
257 703
880 496
639 248
286 518
643 142
612 480
557 482
356 701
493 945
206 157
436 782
847 343
573 651
545 301
864 10
842 34
107 116
181 217
3 386
346 321
667 344
721 530
903 147
102 422
920 302
488 695
868 907
634 393
358 3
398 646
836 656
834 915
872 220
390 205
93 826
537 287
677 199
833 152
92 729
76 871
693 533
281 248
4 308
705 352
196 776
188 857
702 696
241 901
894 73
747 433
977 930
874 347
983 280
351 349
543 111
867 519
259 404
971 258
59 8
347 107
307 11
802 324
549 575
854 388
521 169
760 170
918 404
371 422
994 69
342 134
90 678
670 141
40 212
705 342
839 728
846 850
547 898
498 691
365 1
559 918
704 727
545 413
559 769
782 464
290 66
491 908
402 106
212 855
57 933
954 468
882 816
976 274
834 185
828 594
776 409
753 832
585 801
759 412
539 608
787 294
142 522
429 22
299 633
392 828
773 77
219 375
561 573
350 577
98 860
24 416
536 652
226 690
971 296
850 136
94 225
622 355
674 348
969 337
507 294
673 156
252 908
791 684
361 617
61 644
220 945
564 527
279 634
566 475
640 743
550 787
732 323
190 686
374 420
707 434
417 728
194 662
898 719
130 807
876 44
988 435
870 428
141 4
914 632
395 602
556 776
788 127
961 120
917 837
668 28
47 989
155 470
135 198
524 965
108 702
456 909
847 812
215 845
654 897
171 505
220 452
491 143
250 603
74 84
255 527
189 634
772 421
777 599
859 55
54 59
956 163
821 718
592 724
467 669
216 913
698 597
259 101
878 715
797 990
786 363
718 734
503 964
281 899
410 621
498 708
171 787
23 751
39 117
481 381
650 335
293 734
617 5
700 843
951 414
614 745
368 47
212 741
670 837
496 26
239 932
643 894
42 881
370 336
656 112
779 583
898 585
32 903
63 229
191 849
718 830
287 24
110 167
953 521
13 697
879 2
125 723
478 388
978 20
865 200
726 927
164 639
523 895
668 32
864 1000
780 468
444 183
890 950
142 407
791 765
601 95
810 427
619 599
936 767
826 822
642 215
924 622
497 923
620 213
158 207
174 676
948 364
742 599
182 752
783 845
254 997
555 401
364 519
187 796
820 562
952 803
352 808
533 590
310 150
85 638
672 271
249 375
872 54
874 617
396 65
50 938
401 673
204 409
462 497
98 641
878 357
566 658
291 995
984 697
367 990
461 40
735 406
742 246
737 248
701 448
419 319
70 712
149 382
761 210
372 490
41 245
861 976
168 86
904 641
691 430
628 644
566 89
106 897
773 350
398 702
206 880
218 176
14 339
437 327
80 288
397 409
188 471
432 710
613 231
587 27
20 865
77 680
311 819
582 604
840 298
9 149
118 649
203 858
925 55
156 749
136 571
587 386
123 185
125 228
298 803
520 364
967 324
871 171
573 400
371 542
331 270
502 575
642 730
14 365
674 984
38 309
154 574
871 179
399 790
484 991
584 295
58 56
835 969
567 166
557 998
754 800
318 731
187 48
90 980
965 355
564 366
569 482
377 816
141 234
732 726
732 399
239 410
755 813
311 75
693 294
670 900
729 996
826 454
876 144
523 783
674 460
302 500
946 951
656 629
995 48
993 297
740 452
293 703
43 511
921 712
791 723
809 162
153 517
911 781
875 739
940 131
487 580
292 715
243 447
892 641
763 369
676 405
891 716
88 909
221 809
228 83
613 487
596 170
301 499
428 131
299 511
49 794
199 966
340 223
311 71
180 490
182 95
815 265
911 170
23 562
681 750
105 994
242 153
661 480
644 543
512 252
548 926
455 11
770 283
67 450
139 938
149 349
891 318
332 197
987 706
565 346
115 860
947 140
440 893
897 445
160 788
531 173
645 768
495 850
172 743
75 637
214 59
970 797
320 81
779 620
453 812
53 678
893 4
471 124
257 457
394 838
494 443
168 531
494 134
261 389
423 365
845 112
204 262
81 439
740 830
122 643
140 350
218 376
18 780
730 330
510 362
161 48
493 738
33 128
130 190
421 889
257 19
841 618
265 918
960 157
1000 935
960 191
919 951
492 303
581 460
466 288
380 743
21 60
642 863
72 883
567 749
716 496
730 844
465 217
53 631
800 618
933 615
324 584
626 356
463 678
504 352
765 223
687 264
814 879
333 657
794 391
529 147
127 675
869 888
94 406
563 326
806 947
541 904
881 564
713 120
135 194
360 219
896 511
326 321
163 238
198 926
418 878
140 300
757 506
154 335
765 912
470 554
172 123
649 45
578 236
285 756
929 516
579 752
734 136
607 774
339 778
158 307
11 319
186 126
630 455
200 282
300 444
652 401
558 866
632 238
916 304
440 166
795 215
878 945
995 295
893 750
340 606
15 449
808 72
775 952
264 511
525 645
438 358
650 385
601 960
162 580
75 189
970 235
168 486
581 987
26 936
732 798
111 52
854 631
526 419
69 602
170 827
371 669
834 299
606 724
660 160
282 302
726 363
356 642
699 125
119 977
472 17
584 438
802 664
678 586
519 931
56 184
733 898
813 598
198 548
199 909
481 917
294 458
63 880
697 810
796 959
205 4
447 571
434 259
113 465
794 104
798 372
952 833
880 758
820 184
141 863
430 875
470 171
892 433
719 678
885 212
685 235
23 376
443 586
251 427
496 425
314 422
178 907
787 896
111 624
860 173
203 995
743 78
496 150
996 118
902 839
304 485
484 980
532 431
270 561
966 343
587 368
48 97
181 348
293 342
878 866
192 954
103 385
228 654
700 479
105 354
930 967
438 934
206 558
737 446
929 152
675 406
791 985
871 976
269 155
267 961
210 402
771 444
82 465
954 568
339 962
580 700
179 216
697 318
712 562
284 257
306 211
830 506
461 476
763 595
493 491
588 292
832 957
454 657
766 76
625 182
515 681
683 264
298 735
989 410
64 723
544 715
570 979
917 765
833 829
235 208
347 416
348 948
738 885
714 828
906 50
816 231
512 866
732 518
435 621
713 241
539 624
49 419
228 439
537 59
465 564
559 12
317 402
782 589
421 791
79 653
964 31
877 116
258 937
429 804
508 708
305 164
158 365
807 754
362 850
626 78
320 36
726 256
654 338
308 805
663 157
826 850
767 65
160 679
861 144
552 400
964 285
57 485
919 128
482 61
39 836
527 498
30 469
912 250
377 932
443 385
704 204
121 625
629 408
606 780
586 767
158 448
719 232
645 672
939 689
451 27
282 856
846 147
363 180
80 128
845 798
917 58
155 973
551 925
687 169
448 867
459 457
691 998
644 837
417 169
28 965
330 13
356 882
349 641
503 897
589 25
328 665
710 6
757 276
532 896
686 138
366 887
333 927
514 196
498 823
504 904
102 387
188 114
317 584
582 38
408 782
875 648
510 191
801 886
280 988
39 603
24 383
681 374
21 308
994 579
300 66
233 569
657 751
15 903
156 920
109 11
979 846
221 759
648 322
18 471
719 556
504 525
607 872
78 622
343 946
883 891
132 462
348 445
577 378
635 647
361 132
932 392
265 336
576 737
490 640
55 755
77 826
109 105
572 554
44 388
270 785
981 227
199 229
698 213
822 395
176 32
864 876
640 569
35 838
345 862
163 737
650 90
331 868
386 641
148 696
948 636
392 565
711 684
747 596
913 742
50 182
722 590
780 336
191 470
895 961
819 39
949 963
891 685
252 496
6 420
357 870
686 789
497 338
738 457
363 113
247 139
603 835
284 327
831 652
354 202
986 961
493 333
598 186
271 71
546 244
553 650
960 629
396 643
704 582
877 767
622 81
534 858
164 759
548 977
631 733
155 551
109 944
205 236
32 84
91 652
195 755
192 827
894 381
849 779
662 709
552 617
759 26
491 468
605 267
611 622
522 80
874 140
873 685
176 56
218 432
288 296
769 768
578 140
194 977
834 395
71 88
930 220
152 254
466 489
185 122
375 988
21 793
310 919
185 557
451 347
229 153
582 85
507 222
494 217
967 94
424 175
22 844
115 816
108 298
912 456
445 207
620 412
24 613
849 473
986 521
811 159
855 574
864 957
356 583
433 949
219 344
672 287
505 751
21 161
151 942
407 663
258 221
560 41
879 892
9 636
899 506
532 990
85 761
202 60
955 889
448 431
792 607
985 732
541 454
26 355
189 503
259 842
700 445
306 828
207 352
324 332
555 377
124 893
43 805
632 849
19 811
483 524
840 723
590 67
415 397
450 691
431 112
388 574
712 380
117 875
543 511
858 861
922 554
520 217
158 219
896 502
234 724
679 7
827 4
795 951
127 358
721 323
278 750
321 541
271 189
842 717
738 958
100 96
20 592
257 137
573 467
291 950
983 774
487 242
499 123
262 114
475 152
283 538
520 442
730 688
502 531
836 544
986 318
753 503
840 540
164 712
705 99
765 747
200 777
371 754
416 600
375 51
572 611
847 215
381 614
998 299
677 432
330 239
42 424
550 325
530 108
621 72
661 640
841 763
683 811
577 8
222 261
55 704
897 729
695 823
165 133
290 425
35 139
263 907
222 678
542 217
711 371
4 688
15 933
657 142
219 207
670 20
320 649
441 143
985 120
621 642
322 23
391 135
702 259
959 24
478 136
755 179
201 697
364 955
919 37
401 275
680 121
602 546
687 800
384 619
881 778
930 585
108 127
638 182
128 68
361 615
51 974
293 705
647 805
326 409
644 400
871 186
395 520
399 756
749 796
361 378
406 533
163 146
546 478
296 333
248 662
760 45
598 673
949 324
637 469
938 960
846 97
642 373
668 250
414 237
53 596
865 505
389 540
85 646
420 29
234 478
141 264
687 999
984 105
360 48
605 443
266 246
231 991
340 187
626 831
84 87
19 775
923 605
338 403
422 696
890 267
499 224
113 852
339 449
572 74
154 761
778 715
878 277
202 538
551 229
248 414
585 311
649 861
723 23
932 316
129 998
212 795
794 950
401 384
634 587
303 872
501 553
392 816
309 374
232 387
892 240
656 286
563 699
405 176
673 534
251 418
346 526
97 193
250 628
649 198
677 183
341 340
591 843
967 304
662 143
429 656
116 810
88 368
224 274
826 14
500 937
160 79
774 734
40 508
529 253
736 694
514 778
320 843
330 994
154 471
70 651
506 783
894 993
308 33
428 747
383 370
214 494
754 100
209 232
602 404
266 659
720 187
122 884
397 265
901 210
17 710
597 912
597 655
620 549
166 922
647 61
599 564
492 375
46 314
544 489
802 486
2 502
689 50
659 594
701 399
334 377
132 748
601 624
627 175
733 347
745 902
692 126
396 299
138 841
31 833
935 758
639 907
337 178
611 145
947 959
313 295
151 257
841 315
840 107
839 101
391 612
630 607
511 667
766 860
40 684
403 424
318 177
774 891
928 52
658 116
725 571
19 194
593 887
187 762
617 98
597 670
227 46
559 707
426 435
165 67
429 323
52 331
783 40
517 552
191 140
918 252
166 880
871 413
676 394
671 35
533 110
791 779
593 989
444 231
626 698
952 941
126 295
731 418
72 541
328 355
966 519
514 839
458 616
742 553
609 127
464 485
528 475
713 686
628 702
399 630
88 289
524 550
562 83
703 764
262 830
802 44
857 248
393 610
893 48
670 245
616 435
509 135
18 323
573 163
780 856
659 691
461 381
531 784
629 47
632 920
125 818
604 175
886 920
905 13
728 746
654 924
603 742
825 548
693 56
911 418
3 169
311 766
293 409
969 583
972 20
32 785
13 648
694 999
260 14
489 578
17 208
761 915
475 45
559 513
573 142
179 251
856 407
129 926
80 317
37 117
469 508
28 396
487 139
402 226
979 762
870 589
971 815
676 562
710 167
576 859
300 694
505 784
480 628
620 480
477 775
224 845
208 740
228 221
306 850
331 854
683 989
220 788
988 129
879 199
301 378
276 560
458 206
273 673
14 955
823 504
143 860
281 324
773 30
154 618
493 249
471 528
821 223
790 843
581 996
515 564
329 223
161 292
307 999
806 507
972 265
84 847
1 779
549 328
422 972
122 770
480 676
812 901
870 291
610 698
601 706
763 212
663 53
192 134
30 644
718 702
111 1000
725 203
516 451
355 411
703 701
89 639
106 67
246 534
151 750
296 135
956 922
37 453
975 258
184 241
6 808
403 727
910 711
543 851
953 715
417 555
869 976
608 241
724 462
390 314
181 781
22 768
491 540
138 581
117 297
940 170
631 350
292 884
537 887
864 524
494 803
311 437
223 796
103 62
190 894
523 950
383 22
617 114
367 966
234 797
270 364
61 185
31 272
205 51
785 703
585 198
794 425
645 243
877 978
500 312
103 165
454 351
968 993
639 618
400 536
997 783
34 995
281 354
432 656
227 782
929 679
11 954
452 18
994 812
858 457
298 345
71 507
921 713
484 406
449 854
672 838
46 817
987 343
731 95
5 388
269 281
751 391
57 690
463 815
379 214
409 808
214 682
487 636
462 268
699 726
813 982
55 535
993 976
784 322
914 481
420 983
69 174
529 688
291 210
560 277
842 397
374 971
633 929
728 943
329 545
701 279
677 73
741 161
752 269
587 813
277 786
490 853
776 765
45 584
460 879
423 386
616 992
93 525
558 547
200 436
206 888
73 744
121 484
225 838
549 131
902 470
641 996
12 499
576 705
790 903
100 528
181 498
618 567
10 12
948 716
495 627
79 345
815 125
335 44
230 262
54 762
768 271
575 53
627 500
836 384
777 566
194 569
178 731
28 682
255 845
971 824
625 623
790 674
417 353
884 578
513 886
203 848
141 689
358 488
554 809
831 590
515 215
533 543
885 339
414 490
276 583
408 416
872 828
651 329
987 513
812 900
574 57
284 336
461 571
86 681
526 728
481 777
69 577
758 610
957 519
246 387
684 73
580 531
386 550
537 964
696 252
897 651
407 16
170 746
937 398
814 983
772 368
901 739
746 197
419 538
433 359
810 149
908 364
220 486
130 725
666 830
369 847
834 382
596 474
903 799
682 92
529 266
593 555
172 142
129 663
195 996
937 792
921 4
107 738
519 611
715 326
280 470
525 729
345 934
454 804
980 587
820 829
894 369
851 525
593 237
517 498
867 522
972 623
293 566
6 284
256 978
881 350
521 306
409 75
312 931
985 671
304 703
540 888
33 90
554 698
138 472
826 325
689 703
712 121
376 890
260 663
911 823
339 600
287 162
843 919
768 940
398 100
110 620
130 619
261 31
704 35
770 628
93 293
386 167
516 118
149 844
189 400
437 84
387 927
880 595
408 926
171 985
523 634
301 665
837 641
673 486
820 429
653 497
102 145
611 370
243 454
77 654
880 460
427 276
210 828
346 399
164 190
917 190
742 541
888 511
213 844
324 904
317 635
308 149
203 914
680 866
185 719
499 248
607 47
293 975
18 709
517 352
182 692
933 687
165 907
665 954
131 889
367 992
927 314
146 931
955 576
101 751
13 417
740 786
379 999
893 34
785 301
249 310
25 150
681 675
173 995
269 397
626 145
372 258
742 342
434 978
596 215
584 965
373 528
568 784
357 84
375 333
811 795
569 477
12 412
292 65
698 853
948 528
240 608
249 396
248 762
700 868
614 114
884 150
329 177
913 590
820 938
816 434
536 772
12 639
133 534
139 806
473 321
952 61
512 786
110 613
922 565
328 380
534 78
622 887
605 349
503 507
772 383
469 708
801 391
355 809
350 829
125 541
161 914
380 865
53 841
818 346
457 12
521 728
301 93
837 599
539 836
706 674
174 812
533 835
425 67
199 238
191 419
997 433
946 401
805 333
434 871
728 582
305 670
517 66
422 961
297 366
69 254
817 50
252 244
374 334
173 450
44 240
141 909
123 213
184 591
372 467
285 378
351 856
906 531
632 8
271 10
491 746
185 22
858 728
367 570
200 485
422 989
543 909
324 906
70 251
695 976
180 685
90 568
868 329
452 173
217 20
402 753
106 718
91 863
586 179
561 843
843 702
679 633
583 36
315 242
781 176
502 171
936 146
677 623
278 574
339 561
956 786
144 127
391 101
121 933
778 863
685 126
559 60
76 453
454 298
806 889
464 712
366 733
357 486
359 146
357 120
576 825
964 640
145 463
932 405
945 273
366 205
580 443
119 637
47 637
667 282
45 221
468 167
729 708
194 385
488 242
535 608
559 711
732 40
734 376
308 341
106 213
11 842
825 803
782 583
502 826
636 4
63 526
429 312
703 1000
564 172
168 182
3 896
112 739
68 490
79 457
42 270
886 667
167 421
297 701
435 889
306 572
156 608
949 599
628 387
952 824
193 865
569 650
945 953
647 97
403 29
278 812
111 743
428 3
679 824
723 684
455 5
100 40
242 722
2 4
63 329
322 98
537 697
125 837
897 279
554 37
410 34
781 831
193 704
233 245
607 969
153 499
943 587
705 171
977 992
46 290
862 538
612 750
67 268
861 683
15 26
344 991
903 759
73 754
88 488
891 546
939 179
363 303
58 459
701 197
659 583
950 251
474 382
488 82
555 987
113 435
489 908
550 590
579 45
802 62
319 205
238 221
933 637
78 364
930 717
633 135
952 627
164 388
538 446
962 996
358 478
499 419
726 611
284 474
939 560
417 750
438 645
633 755
821 671
417 654
182 753
975 13
831 75
410 918
685 835
294 414
655 599
896 545
574 152
872 215
320 138
815 220
607 241
841 392
457 73
735 338
282 573
445 19
811 377
789 206
783 503
430 892
349 830
281 157
508 133
232 350
757 239
841 314
502 461
960 522
95 479
959 729
594 744
154 348
562 328
425 552
711 558
308 591
970 902
839 838
790 431
215 744
186 546
342 354
495 346
554 773
131 65
76 169
664 77
747 462
683 808
757 886
642 47
192 568
212 800
508 916
810 372
423 635
774 285
540 81
267 370
8 618
575 53
657 264
546 940
747 295
76 86
108 767
84 95
717 237
51 895
5 367
95 164
636 977
15 258
997 982
451 148
486 415
20 748
330 615
908 492
833 343
295 214
506 336
626 688
36 615
385 42
798 74
236 128
158 263
790 157
886 348
210 747
104 495
204 195
384 525
630 553
588 406
983 978
147 751
803 296
493 885
973 512
646 639
212 653
982 223
744 792
683 120
204 216
491 926
206 922
188 117
396 619
74 585
300 927
936 692
855 25
403 537
405 804
211 129
358 210
822 107
55 402
531 894
903 37
777 866
577 887
374 797
438 653
811 986
484 990
50 680
187 117
170 467
72 443
397 155
340 522
88 484
309 235
54 732
401 815
89 792
439 477
13 237
832 851
695 305
274 70
219 550
511 264
963 981
410 834
824 745
140 982
548 85
347 544
140 682
804 658
209 389
254 226
659 248
711 639
71 602
619 286
675 741
645 928
273 31
370 717
630 675
844 1000
630 598
451 656
530 7
273 649
913 102
292 588
509 732
548 460
771 53
967 443
513 632
977 776
386 707
798 166
69 106
836 393
229 561
14 323
222 492
951 809
905 992
882 28
772 35
679 998
158 755
603 28
926 232
81 656
323 602
59 111
681 935
327 448
775 498
456 504
687 36
725 264
373 90
592 46
970 298
883 395
472 481
867 272
951 845
602 548
564 192
692 617
202 734
787 258
760 404
842 860
3 130
198 305
501 534
775 311
879 817
814 613
322 326
661 48
80 580
255 327
148 761
614 716
441 20
950 29
899 22
436 110
621 923
614 394
137 436
393 678
994 865
569 475
64 670
30 203
347 805
587 408
693 407
571 993
735 693
541 228
897 190
906 803
361 849
126 430
842 414
332 968
790 643
192 941
971 25
760 222
175 894
763 498
719 393
813 882
989 640
766 431
708 864
379 764
207 547
888 22
869 390
955 282
9 124
540 253
69 289
580 655
986 900
871 984
950 850
887 191
825 118
349 245
801 794
537 16
898 951
176 861
698 117
523 459
247 702
115 159
295 143
702 37
800 849
114 651
394 469
163 27
939 280
963 363
835 347
506 530
267 16
181 674
996 885
179 285
485 114
134 680
133 360
795 108
148 467
203 774
910 313
515 609
141 750
414 309
515 924
45 194
77 515
52 999
160 157
62 868
324 694
253 852
521 394
465 980
23 831
934 523
440 380
448 426
536 473
464 309
265 763
201 262
387 224
879 690
882 188
226 589
351 967
94 328
847 35
495 743
155 9
326 911
400 202
743 432
556 31
420 297
793 859
5 464
234 661
694 24
397 275
520 912
727 87
113 217
441 57
51 576
471 742
261 158
450 788
66 112
131 663
361 909
46 781
812 205
636 83
217 231
547 163
518 34
652 858
875 395
416 336
912 267
769 640
749 814
549 73
528 68
92 446
494 81
883 990
266 891
756 923
788 257
770 780
815 777
942 446
883 563
947 500
997 115
337 759
880 970
396 710
49 253
115 374
468 963
751 695
475 727
857 734
447 800
142 130
212 914
344 399
204 995
121 389
964 673
802 118
169 830
795 482
779 706
793 866
937 562
386 287
456 160
635 783
125 699
581 278
644 54
770 353
496 40
316 598
491 555
422 897
120 400
74 503
780 462
487 430
592 140
632 518
686 202
759 549
849 529
456 956
239 103
484 368
284 845
92 929
771 358
660 836
721 562
999 584
601 462
194 870
438 514
650 317
339 28
596 473
336 344
9 333
848 195
331 655
654 944
923 363
990 765
971 604
980 801
913 921
806 856
956 362
291 774
116 122
183 251
54 175
922 99
755 731
701 415
778 318
88 852
154 752
56 160
936 714
974 726
958 557
918 395
867 908
500 971
693 557
783 791
402 232
476 793
10 334
615 706
720 859
511 724
964 288
409 16
391 972
572 376
676 830
107 921
662 113
381 689
597 985
100 535
659 551
988 254
10 409
68 735
149 859
144 555
15 571
584 238
265 342
196 93
221 524
571 852
861 109
250 310
518 96
660 327
313 29
805 638
527 102
912 591
427 557
760 574
373 227
609 449
317 32
112 798
78 70
105 188
756 445
885 550
431 878
891 129
657 424
819 185
175 840
967 775
442 492
661 239
915 261
485 839
877 99
869 226
858 246
256 259
385 532
839 671
672 628
920 549
694 63
506 656
598 911
940 150
955 691
123 48
483 817
219 427
219 623
233 425
436 616
709 588
287 97
351 92
252 246
459 322
979 475
241 559
756 435
466 66
730 590
807 429
67 474
757 225
389 138
896 712
809 99
405 323
141 666
674 622
737 856
777 343
245 137
8 263
302 878
510 292
275 43
673 335
687 903
738 283
846 572
61 945
469 38
989 827
863 116
97 445
178 829
298 631
218 419
547 447
966 116
314 610
256 123
535 874
50 625
727 128
163 609
758 408
670 144
508 108
176 252
451 21
480 802
313 986
265 413
957 122
873 312
246 126
668 62
280 645
995 567
447 208
448 657
453 542
536 371
648 61
468 696
262 650
306 669
667 299
531 240
17 689
348 681
934 154
155 136
379 401
660 39
415 960
753 629
101 937
538 165
307 65
334 315
460 444
826 851
512 477
931 41
879 403
624 75
736 613
381 411
249 845
972 564
505 975
243 665
960 356
704 876
343 42
151 918
814 453
1000 796
399 799
763 450
780 11
11 738
771 592
332 869
719 418
222 458
206 233
48 132
191 578
606 137
230 193
684 626
901 596
122 111
778 530
332 381
726 243
352 262
713 241
263 315
878 128
277 487
1 622
310 472
925 361
441 165
275 487
684 788
352 365
871 51
709 500
854 169
257 968
976 378
216 197
340 819
819 575
434 583
401 648
417 544
743 23
684 997
39 131
399 713
378 351
614 655
401 112
363 477
151 422
949 330
514 803
105 48
46 837
868 556
795 337
543 300
86 774
604 970
56 43
890 411
745 322
744 511
526 346
880 542
952 273
2 451
963 660
822 224
674 578
677 377
269 631
805 415
390 979
587 326
756 215
76 961
446 173
922 859
628 552
590 125
369 614
355 407
895 308
695 30
432 773
640 941
87 557
125 175
659 665
725 228
212 788
873 654
853 577
142 282
774 199
699 131
334 225
492 798
876 368
596 574
49 919
163 339
769 528
10 328
68 39
913 482
858 919
512 64
217 140
747 968
878 167
416 106
216 945
443 967
272 191
160 33
235 259
447 180
760 342
672 500
588 931
544 279
623 517
330 712
936 425
808 392
586 671
148 642
417 34
632 413
146 35
882 529
807 525
193 961
297 622
671 82
393 433
498 213
95 336
445 316
208 109
214 476
411 556
461 134
594 912
66 617
123 833
455 770
359 471
266 833
368 17
101 260
595 367
644 364
243 218
403 354
27 818
909 438
272 397
293 438
310 510
128 52
934 875
332 278
168 625
349 539
458 157
462 869
807 742
546 182
644 988
813 507
174 517
342 627
679 993
777 899
164 157
368 418
713 893
261 417
27 250
928 654
726 550
230 302
108 251
929 272
857 846
596 90
263 775
343 929
105 678
629 158
901 724
375 525
333 345
648 662
357 388
49 264
708 529
370 454
88 924
393 708
501 352
921 835
248 137
28 6
7 511
605 696
37 618
172 658
309 507
542 65
5 721
38 629
335 18
533 180
634 660
902 748
216 169
303 646
80 24
814 588
822 86
133 856
516 473
784 183
479 2
689 636
217 765
932 741
255 701
923 834
674 254
650 610
91 352
558 292
971 229
500 758
846 530
926 133
947 622
582 566
268 176
29 841
471 698
624 111
61 736
784 971
861 834
207 987
761 310
620 292
530 809
485 553
448 254
719 587
669 436
817 506
865 607
292 938
399 647
77 788
569 607
520 872
704 226
1000 464
700 394
19 370
653 243
615 627
306 853
691 200
284 237
805 565
954 584
973 244
589 200
206 646
605 811
150 328
933 924
492 200
802 21
787 680
800 845
130 582
996 285
365 203
420 820
586 120
99 782
460 374
396 40
270 897
928 111
794 294
489 995
668 167
625 779
271 27
296 846
616 522
73 453
768 916
459 156
321 642
876 953
804 277
102 7
523 516
891 924
678 691
160 944
343 739
188 414
51 967
25 495
750 892
610 62
976 222
161 646
469 885
129 873
103 736
769 712
644 676
299 534
212 585
837 187
20 416
525 449
823 336
40 615
173 963
167 729
829 251
538 808
276 120
498 840
962 73
317 221
665 668
91 466
229 793
752 52
691 360
724 727
51 464
404 439
976 126
321 97
573 613
892 702
763 202
90 650
488 938
381 508
643 444
849 800
666 265
916 136
935 735
314 35
283 878
879 984
807 124
898 307
785 19
74 939
518 821
96 745
279 367
900 313
145 833
892 184
569 48
136 16
548 553
81 518
603 189
231 116
326 602
179 628
166 274
426 85
331 90
622 505
683 226
864 4
915 36
606 219
678 430
458 324
14 655
423 61
209 241
117 158
442 268
860 619
437 631
667 133
585 553
767 309
800 440
751 631
280 623
325 598
275 810
598 315
85 162
718 911
995 932
374 583
429 295
208 2
286 31
963 113
376 526
813 600
93 164
478 229
404 148
437 183
410 60
84 472
523 903
613 101
667 946
71 587
134 402
22 693
269 561
469 752
868 43
370 806
716 934
673 760
804 273
638 773
664 692
914 53
960 324
944 862
728 376
415 685
823 450
823 558
161 887
180 52
287 403
424 378
57 392
510 420
429 546
844 562
20 557
244 791
831 611
330 286
341 716
491 615
992 171
907 835
1 14
621 260
17 63
634 936
240 376
775 912
250 753
966 701
720 926
543 384
473 268
651 642
960 982
65 535
655 165
920 634
584 136
235 92
223 395
97 536
745 753
585 409
386 55
935 238
194 665
192 246
464 74
456 791
451 102
50 531
926 652
917 758
817 12
886 481
379 948
544 866
633 779
195 586
707 405
748 356
828 127
9 61
442 541
158 822
638 969
942 857
704 958
960 874
50 231
590 839
869 519
571 312
455 742
692 155
202 870
300 705
827 285
795 633
561 636
951 996
730 53
591 714
78 47
258 399
768 940
604 139
260 617
982 894
428 9
970 21
633 630
939 945
588 298
536 842
676 431
775 505
733 555
915 571
731 466
420 612
485 398
566 7
88 393
988 350
897 480
72 189
720 891
931 509
317 852
34 421
191 904
771 879
32 922
565 247
927 549
154 728
13 606
908 475
570 659
574 975
248 237
733 28
41 697
636 271
627 161
225 232
815 448
632 709
626 705
723 185
432 503
45 699
762 870
461 297
970 863
233 755
325 484
819 328
974 564
367 153
813 142
983 543
302 803
936 98
614 147
641 853
860 878
766 93
535 982
604 993
790 270
319 279
407 140
915 70
747 721
466 235
316 209
5 318
353 870
805 774
886 828
400 438
147 290
10 166
538 186
575 50
491 414
79 973
236 251
382 265
632 841
869 792
412 987
977 353
301 643
242 88
695 458
305 703
53 320
909 350
14 677
810 457
65 824
576 997
921 796
657 24
429 567
722 910
743 166
222 505
138 59
821 730
455 979
343 736
547 709
115 938
439 306
432 187
675 522
661 591
527 321
144 179
217 34
684 893
872 109
305 613
309 540
575 855
468 923
121 51
236 380
536 750
993 149
734 794
12 778
648 394
650 540
40 511
347 838
211 212
863 737
884 962
793 768
817 190
254 639
333 269
190 327
483 20
159 701
881 47
504 730
37 659
80 157
923 234
459 101
750 945
690 922
532 363
8 134
835 222
591 606
86 479
847 351
427 362
99 311
612 515
220 120
643 893
41 18
383 295
96 44
317 612
983 628
698 710
26 661
232 313
753 143
565 979
149 141
909 452
601 454
841 139
937 206
385 350
746 402
579 391
467 552
496 290
255 394
611 426
764 754
670 985
962 777
816 362
89 189
522 365
595 118
649 910
999 706
205 188
207 502
266 782
582 658
463 657
821 780
129 757
971 856
601 485
64 719
207 36
944 127
851 17
952 557
617 171
719 715
957 967
898 781
382 228
640 836
957 441
896 562
227 601
661 387
379 58
78 363
889 366
834 99
471 179
988 487
234 12
786 773
965 259
772 108
299 290
147 959
387 749
494 760
554 187
931 718
902 726
508 326
184 645
696 218
914 883
401 669
154 597
414 560
329 459
954 843
282 206
764 529
902 11
551 533
687 479
100 901
974 735
291 197
952 969
577 281
668 462
114 164
139 348
599 72
616 848
123 832
776 781
657 236
201 795
580 234
400 838
783 722
74 316
395 673
129 146
647 550
228 352
105 192
647 252
155 596
349 5
789 994
720 373
705 972
491 198
472 997
563 127
199 826
448 18
245 146
68 568
38 486
905 510
102 684
323 54
488 814
860 816
204 851
981 621
215 538
881 391
844 408
22 928
682 80
941 782
707 337
912 39
135 250
386 345
735 513
995 787
592 97
781 247
957 707
171 19
752 119
334 210
844 108
191 888
852 709
747 978
233 889
660 863
282 738
724 301
934 740
546 305
490 693
754 42
623 202
156 533
927 566
742 980
426 559
667 754
848 85
72 879
473 435
83 32
840 295
507 545
493 520
476 968
259 994
400 828
379 706
47 759
278 859
265 160
954 475
964 550
985 308
925 255
231 919
704 9
616 903
852 107
55 177
498 469
297 132
404 60
386 656
864 21
903 574
812 558
28 125
966 609
199 60
518 54
110 881
220 267
55 640
492 374
876 462
454 677
406 345
185 787
581 603
916 156
676 810
96 784
477 178
58 302
69 734
941 470
391 674
688 673
989 523
131 595
289 247
476 278
716 748
411 41
603 706
449 897
237 857
196 572
339 769
542 913
442 185
871 76
288 440
990 906
930 696
243 227
253 722
382 419
994 886
737 324
299 621
906 883
73 197
477 43
658 517
708 943
711 24
109 998
249 78
950 218
985 904
333 190
495 313
344 638
301 122
845 104
152 569
793 986
196 804
270 898
300 36
416 837
439 814
906 571
395 540
354 625
561 877
864 520
848 732
495 68
389 996
354 497
142 635
94 808
671 488
403 1000
797 10
140 799
353 693
351 392
872 854
325 233
407 699
702 48
365 974
181 840
225 306
342 537
357 788
791 37
219 286
196 889
154 611
93 562
32 983
973 362
868 663
285 737
825 792
358 779
275 123
956 654
49 692
402 232
740 901
440 226
856 475
310 149
966 35
192 733
425 75
607 851
256 972
220 64
422 500
336 508
859 608
138 209
577 598
801 516
961 695
465 702
253 605
850 816
266 838
148 777
584 38
721 694
734 387
271 371
372 904
830 227
3 337
910 357
449 556
873 929
987 54
669 111
451 698
474 740
637 58
932 610
728 593
955 969
248 422
349 972
939 803
173 530
22 927
552 629
334 273
170 183
792 184
726 681
713 524
1000 67
521 437
771 686
155 743
867 389
845 308
794 339
590 583
215 921
188 472
891 239
425 758
991 712
244 338
499 914
389 208
304 275
461 262
771 138
361 253
219 91
935 526
918 883
15 764
718 415
535 717
76 913
114 36
518 234
51 474
118 778
17 464
301 705
706 604
741 581
355 764
414 438
789 718
965 421
722 717
857 787
446 339
389 459
385 822
643 625
101 333
599 465
970 346
721 808
333 780
445 499
901 208
582 554
299 783
304 387
910 669
45 850
494 506
902 207
708 521
1000 252
807 507
957 195
988 995
837 738
246 707
167 93
513 691
910 114
828 934
450 787
101 401
835 12
383 760
289 552
119 803
720 644
588 391
771 347
840 106
63 579
175 55
425 60
44 594
50 20
685 230
540 955
438 180
823 736
227 209
788 759
879 757
270 219
236 104
526 752
16 475
198 870
862 192
395 151
515 395
31 597
797 979
513 698
310 321
856 935
722 239
58 909
955 370
592 372
611 437
812 605
636 513
423 505
124 123
271 248
627 288
54 683
455 951
132 794
61 356
64 164
303 868
111 969
384 166
381 989
223 486
841 735
710 104
446 425
708 873
989 434
762 800
675 56
853 214
736 39
798 216
842 576
53 848
145 212
78 254
450 260
931 983
194 773
603 78
678 964
598 566
85 770
490 977
270 440
715 914
664 713
866 966
330 630
466 615
183 611
812 520
529 590
536 38
87 467
646 775
454 622
233 128
804 689
933 127
128 496
966 8
868 921
623 987
218 540
126 534
606 53
605 98
131 710
277 150
133 776
571 143
133 202
155 815
245 785
303 729
405 281
170 769
32 52
986 806
412 66
28 163
497 656
577 198
667 555
157 721
122 7
998 117
347 444
977 282
901 41
446 40
755 142
877 235
294 985
121 258
648 784
116 912
426 847
443 896
183 366
981 737
116 77
865 928
571 769
121 307
387 333
941 314
740 934
45 421
489 984
481 846
67 657
873 242
750 46
241 872
521 396
289 145
94 364
486 148
309 993
637 136
254 632
86 584
928 929
884 392
181 25
727 171
933 720
588 289
809 142
551 869
797 856
248 104
746 122
761 879
473 940
925 724
382 140
76 46
370 753
900 297
113 924
883 309
741 517
315 362
207 15
506 598
963 899
3 346
220 58
287 744
59 620
726 624
996 602
113 257
753 507
546 340
952 95
66 763
231 765
752 619
407 802
399 837
954 78
411 32
849 608
170 868
799 828
844 220
296 138
99 69
526 461
554 839
65 367
67 68
334 505
280 316
786 357
232 223
779 588
975 468
845 351
380 510
635 502
525 634
845 791
662 170
100 291
427 851
47 141
931 184
275 553
107 267
447 350
134 228
147 348
917 511
677 117
739 693
349 840
703 658
680 266
371 789
175 646
713 647
182 436
897 742
5 353
390 246
378 950
306 146
701 934
109 276
746 942
661 228
234 987
987 311
379 303
38 558
580 597
999 686
536 617
535 800
892 819
534 95
673 187
330 19
369 480
858 905
988 603
796 886
782 784
394 442
276 245
270 981
458 222
984 368
110 736
786 553
334 750
958 659
818 315
900 137
22 266
586 784
498 286
335 794
306 757
370 542
35 430
851 563
507 930
501 960
733 392
341 154
382 412
162 716
473 448
317 517
581 462
184 243
975 790
726 482
88 961
310 787
253 818
265 76
18 83
883 477
896 652
114 960
232 283
120 349
573 764
556 798
833 364
945 891
729 867
791 775
134 826
756 310
950 554
778 814
765 613
598 47
958 580
80 584
828 152
494 519
242 843
846 823
488 83
136 832
587 186
161 790
538 222
596 651
637 907
643 891
441 674
650 533
247 52
80 389
306 897
68 21
606 875
592 287
910 797
66 324
733 493
271 858
929 936
721 32
494 927
777 892
325 186
948 582
179 206
489 597
758 71
204 256
195 768
710 217
702 675
435 354
415 613
49 643
115 319
272 481
377 227
716 382
858 496
880 455
518 439
692 774
821 340
442 97
356 449
746 285
407 416
443 325
102 779
903 456
462 533
41 840
34 153
670 903
920 806
3 657
49 792
40 215
313 338
845 656
172 117
906 937
754 172
563 391
336 64
698 419
860 871
648 660
180 607
926 56
35 105
902 864
608 369
219 63
743 941
836 456
706 276
647 700
389 281
871 687
802 345
77 438
931 747
912 96
482 539
907 401
144 602
334 711
308 72
743 452
752 548
352 742
73 860
504 904
654 375
582 903
9 530
615 203
195 788
679 640
974 729
20 726
644 92
338 12
943 97
122 433
328 316
367 107
781 829
189 594
372 48
385 977
222 700
634 678
766 615
182 197
209 524
873 719
976 472
751 300
263 486
561 719
216 642
575 172
811 559
130 926
25 926
72 482
221 563
145 205
129 442
814 187
654 228
302 892
71 691
139 667
374 947
608 985
162 264
326 431
653 149
287 321
808 216
616 955
618 940
947 33
794 386
248 704
912 29
412 527
488 469
106 299
413 915
198 823
131 429
936 155
30 835
569 462
463 725
572 249
189 546
439 878
103 671
703 709
414 672
612 677
805 962
694 75
115 559
973 404
605 915
666 932
113 354
376 57
939 517
402 96
968 880
867 595
755 240
695 487
698 457
631 743
889 735
450 454
793 658
208 190
699 5
579 295
808 749
991 551
425 354
34 338
503 577
116 70
479 548
335 74
520 876
452 662
713 297
963 506
304 891
993 547
829 658
775 936
682 601
918 988
924 834
748 901
565 80
239 567
224 157
581 913
816 871
419 286
292 590
434 549
56 331
318 454
229 537
883 232
410 831
657 261
304 570
318 365
185 968
162 96
326 278
214 259
866 614
705 962
252 585
82 568
593 387
971 191
175 648
881 63
818 6
769 45
681 259
755 432
678 963
288 514
958 37
843 95
690 8
237 223
220 119
814 500
141 422
419 757
694 790
553 831
510 705
324 458
786 976
395 941
788 147
504 139
911 893
484 760
5 16
512 846
40 531
366 213
621 701
627 265
453 373
383 545
662 908
38 132
887 651
646 718
455 428
712 656
478 465
668 962
26 699
885 265
31 887
950 671
758 108
944 242
263 337
861 100
296 384
125 466
851 298
97 94
712 919
139 589
25 841
458 16
819 930
168 496
79 750
890 34
123 807
641 111
532 292
707 909
847 537
404 772
177 518
291 893
417 205
54 400
937 679
504 453
219 23
802 703
667 231
404 560
474 544
129 495
627 697
373 164
604 490
471 810
84 324
467 691
266 81
826 813
824 571
214 453
817 837
43 132
939 184
716 91
160 636
15 463
742 20
852 208
559 585
271 859
426 551
342 924
866 806
28 798
30 567
4 215
31 591
456 234
655 178
602 74
521 537
74 158
426 820
115 852
613 316
830 770
925 590
277 249
253 976
677 82
327 542
422 33
541 27
197 620
817 997
188 258
759 685
760 644
200 321
928 975
887 706
204 129
255 641
675 315
626 335
991 28
767 250
250 466
210 655
636 956
151 322
211 81
111 469
526 734
171 789
285 305
133 85
416 464
49 777
64 356
206 149
13 862
10 76
932 961
723 852
733 444
734 408
82 712
575 451
575 8
131 100
199 239
152 128
13 599
898 986
836 174
93 325
739 674
827 160
281 372
400 502
557 782
528 7
649 777
583 280
491 401
967 971
762 180
46 393
41 981
473 77
953 966
915 633
154 119
530 536
159 659
738 68
577 587
679 573
663 680
826 445
600 580
927 62
730 951
476 423
2 720
522 819
413 238
782 366
191 841
437 587
544 654
398 106
978 637
320 993
11 745
601 719
290 432
623 392
562 585
286 909
43 686
344 821
937 759
853 722
483 444
922 700
42 141
630 543
452 363
178 533
464 877
107 397
655 983
203 564
150 890
471 718
225 422
52 241
701 893
427 358
812 738
628 474
773 93
406 897
312 805
834 201
957 923
764 403
929 663
957 263
288 377
385 191
835 609
991 269
599 418
574 951
388 843
982 373
890 409
895 309
567 173
607 364
986 791
994 85
560 361
687 842
645 343
297 360
574 728
15 753
900 411
842 968
607 821
186 715
278 894
774 244
197 688
776 902
610 291
684 505
467 215
916 231
985 879
343 530
343 896
930 136
238 732
578 254
12 638
420 807
424 411
771 138
739 414
751 927
329 47
579 252
481 995
280 61
601 947
434 860
745 863
990 847
11 27
160 548
332 432
43 318
489 674
7 447
189 665
578 262
157 708
796 142
594 204
695 320
611 138
182 960
156 546
165 437
882 544
251 400
888 235
238 203
933 641
272 384
972 101
765 279
772 949
773 123
246 35
804 735
470 105
227 53
413 469
800 39
502 971
24 244
72 369
164 741
694 121
332 824
520 774
980 253
151 69
274 277
439 569
155 206
630 925
427 620
460 178
67 854
634 292
961 758
877 714
772 707
906 770
443 996
534 566
250 327
397 135
663 687
715 463
938 880
235 171
699 241
272 801
996 492
285 685
831 511
680 293
112 983
367 421
855 776
578 57
359 355
992 94
57 862
3 284
939 676
134 273
183 149
659 51
603 795
995 349
330 751
447 745
824 205
946 407
651 445
147 695
490 193
69 867
244 327
856 391
81 258
27 355
907 1
834 932
734 154
84 940
829 471
629 320
817 187
30 516
762 523
196 592
550 566
510 606
39 984
906 332
485 150
671 105
323 61
560 836
268 13
509 604
51 731
584 686
540 805
542 209
796 207
623 89
84 176
569 771
573 90
804 511
465 299
874 296
346 778
326 54
574 989
639 33
416 14
226 488
259 249
11 838
169 71
853 825
377 423
508 647
347 152
696 58
83 383
779 397
278 245
340 959
357 589
35 414
778 378
792 941
282 929
391 654
78 86
371 998
33 598
940 708
791 261
137 177
421 310
437 725
853 882
529 74
49 341
329 590
777 87
455 490
826 702
599 383
188 588
48 463
755 583
508 367
83 25
305 188
135 375
341 541
930 813
938 686
316 211
791 643
17 512
902 628
273 22
461 714
110 895
628 476
39 466
787 42
229 191
741 704
320 490
1 214
296 643
445 181
691 416
180 189
131 680
881 847
220 780
448 332
199 207
380 788
533 777
623 13
699 591
779 933
564 95
477 780
458 439
22 118
734 733
801 866
793 98
16 473
997 206
891 25
269 575
5 274
232 566
221 639
859 779
287 788
221 299
129 345
655 352
772 943
6 140
705 665
117 186
372 918
816 871
18 734
62 682
953 320
198 748
888 97
687 211
441 684
441 372
941 123
489 794
607 28
851 466
279 674
728 519
500 130
716 46
934 819
730 766
794 465
485 510
355 975
428 371
509 566
224 505
383 526
263 694
988 231
1 464
166 897
104 751
51 694
656 855
648 476
879 236
635 251
712 253
339 858
299 43
502 45
672 332
831 342
642 155
133 821
478 765
471 160
838 666
268 661
631 932
949 347
781 899
86 96
159 309
404 481
76 420
321 885
626 230
778 718
900 605
660 734
940 175
436 262
924 398
542 387
946 979
266 162
625 62
994 281
457 863
348 55
82 69
237 5
289 957
370 623
26 912
966 411
798 21
494 522
404 127
424 360
995 787
104 941
627 865
709 851
14 431
91 599
126 428
652 752
949 690
524 567
847 330
410 277
765 840
959 661
488 916
178 330
571 636
656 936
721 305
762 701
482 783
439 325
295 434
348 47
417 745
442 293
527 967
918 509
158 40
386 701
529 255
260 950
372 874
818 403
816 209
433 708
230 931
166 609
184 630
655 128
950 7
233 413
885 685
783 586
36 910
450 46
273 842
771 839
216 841
577 311
267 67
378 789
223 261
98 988
839 689
496 1000
157 746
113 742
491 509
799 136
402 20
878 395
908 924
673 74
292 748
898 369
24 601
531 562
862 413
610 659
52 786
933 679
821 241
478 968
906 949
904 672
541 183
887 420
970 442
965 73
414 48
418 508
226 482
575 182
885 557
724 523
524 766
27 847
901 800
594 596
546 623
454 574
826 172
897 850
672 176
821 728
291 971
570 785
778 884
708 42
467 76
443 989
99 451
747 585
229 306
273 333
3 906
426 3
206 575
678 62
210 945
633 651
634 726
167 98
116 579
773 647
969 702
47 281
295 53
756 995
53 993
243 407
278 151
234 443
646 889
428 177
883 489
942 579
937 35
833 578
140 732
801 982
41 931
438 40
274 675
326 59
817 228
752 572
926 134
492 340
323 898
347 544
353 880
163 12
591 462
851 339
632 548
906 515
840 97
957 815
293 664
607 805
515 340
229 872
630 948
304 130
596 795
874 539
996 772
244 287
676 594
148 469
641 123
343 895
41 564
518 184
426 659
390 553
620 377
131 900
569 827
99 570
181 5
700 857
124 35
258 177
54 431
800 351
798 619
633 507
598 1
921 679
521 206
948 407
223 324
965 472
66 75
446 218
754 51
893 381
548 112
252 278
472 480
928 561
37 555
312 622
354 787
760 327
597 982
467 800
80 378
36 723
361 591
670 192
580 463
879 131
43 403
38 329
895 962
813 444
839 313
871 153
768 880
64 499
101 389
224 173
52 512
838 703
661 115
830 96
637 900
566 750
812 322
93 587
417 978
410 747
187 398
499 804
973 461
986 348
417 636
899 139
865 507
581 804
796 408
78 250
7 375
114 535
39 139
616 40
953 971
694 351
624 790
289 782
124 197
721 219
21 613
242 122
178 81
17 797
178 155
679 204
844 47
852 517
784 200
620 935
967 86
959 693
994 686
530 649
96 647
116 810
210 649
769 942
592 738
77 233
416 592
864 26
365 650
553 837
916 670
959 84
213 691
894 525
681 168
621 371
330 399
441 444
530 856
23 872
470 676
820 687
283 329
729 845
932 94
703 687
95 360
104 918
376 117
910 719
34 605
28 187
52 553
458 985
152 651
328 806
129 809
99 505
264 268
612 416
615 669
946 526
706 231
103 921
652 707
543 589
819 942
731 63
65 249
167 683
61 202
68 579
302 67
517 680
406 421
460 173
146 645
726 632
248 875
203 44
966 150
160 12
704 700
724 984
113 325
408 757
50 860
12 294
574 105
66 907
710 619
722 426
420 656
465 495
780 39
364 903
41 654
827 699
953 367
593 608
831 432
954 624
300 421
642 259
335 398
621 217
108 500
972 864
269 671
2 603
29 547
789 911
838 362
616 600
532 17
954 543
758 434
368 950
588 977
717 396
276 76
363 984
685 925
520 855
915 300
259 696
322 346
832 298
414 763
526 58
753 84
806 42
686 270
986 835
559 231
961 537
649 493
293 963
381 64
397 313
629 125
641 286
226 474
545 544
891 710
475 261
201 321
917 614
368 846
816 274
90 302
220 976
56 882
19 638
75 944
132 234
1000 32
136 766
289 829
537 333
939 898
890 771
365 635
747 10
446 711
410 9
674 84
456 405
394 948
534 196
429 791
144 87
462 922
306 549
765 797
727 14
452 523
468 576
376 551
28 606
379 681
957 97
849 798
161 762
22 701
711 344
695 558
864 819
458 704
356 188
863 749
886 444
407 253
593 702
138 545
755 540
809 843
671 875
193 422
109 715
776 788
106 473
562 128
88 865
114 618
657 113
183 640
705 873
757 836
544 112
630 323
628 431
991 480
155 617
114 249
308 346
870 3
369 470
411 242
695 281
536 95
582 162
629 179
561 387
385 105
822 980
338 472
862 759
980 331
745 245
862 381
85 535
358 682
515 983
823 181
860 927
678 603
346 364
665 601
853 947
100 680
506 167
598 605
688 37
550 340
425 180
602 744
254 94
448 16
967 443
768 913
873 327
578 164
246 179
504 627
881 310
78 374
366 367
960 464
331 145
852 603
232 393
868 90
915 337
119 905
995 629
559 748
162 984
653 943
306 249
854 716
764 49
30 742
666 563
105 37
331 790
133 981
456 707
130 211
896 677
714 89
971 784
159 762
195 322
537 419
4 583
523 339
499 503
632 479
179 930
584 467
770 914
739 652
678 508
31 29
814 6
812 921
315 198
592 49
21 253
395 673
664 643
476 589
124 321
654 20
594 964
891 990
258 424
914 529
307 641
502 474
143 106
588 298
332 556
822 715
535 129
568 682
946 323
514 7
120 710
956 933
294 723
997 388
772 158
878 141
14 801
379 841
110 149
146 905
495 916
71 436
262 121
541 355
869 974
111 673
757 845
387 437
265 187
343 6
191 272
728 202
486 555
432 199
587 811
883 107
831 700
465 43
510 620
2 174
506 235
320 707
433 974
737 295
53 576
966 636
578 184
436 961
658 719
951 768
283 401
364 233
70 721
676 16
651 486
713 829
931 723
302 433
905 252
11 230
57 171
583 400
860 267
319 547
478 183
601 375
449 220
157 159
169 812
59 669
777 156
545 489
565 642
621 474
463 457
196 899
616 829
486 470
461 258
548 867
568 543
149 347
943 349
574 10
848 797
740 744
239 448
127 46
497 156
932 681
874 440
823 147
148 522
920 300
740 870
911 882
376 925
568 794
305 303
980 982
841 744
611 128
790 247
779 804
359 413
238 112
166 637
715 562
307 825
587 926
929 889
516 74
193 148
559 828
235 170
573 366
501 67
664 999
894 268
645 373
889 412
349 72
827 2
190 573
524 830
938 745
482 336
622 719
368 644
935 550
250 317
807 976
880 897
223 311
185 412
534 423
30 165
997 714
775 189
483 191
507 743
221 234
63 904
285 32
262 157
123 668
660 90
11 66
992 333
26 400
250 774
837 227
156 695
301 127
189 917
149 359
275 72
20 412
194 91
830 142
881 219
685 824
1000 607
560 119
92 505
871 645
720 370
638 110
555 334
852 813
79 925
698 740
459 236
659 203
915 547
604 224
662 699
102 733
60 904
72 840
36 883
25 164
310 711
930 511
955 776
561 570
669 855
576 226
351 483
133 140
252 94
318 282
718 674
913 808
158 872
863 171
9 627
462 236
447 439
671 432
355 837
919 294
284 311
938 718
735 665
269 834
877 733
284 803
846 774
502 875
954 13
63 69
389 203
173 647
596 91
87 210
349 360
660 761
251 446
395 415
341 283
48 910
290 9
389 278
464 396
736 200
522 590
771 51
724 257
573 670
697 633
500 783
434 666
102 927
952 703
242 490
582 554
534 894
590 876
297 102
853 198
483 845
552 369
117 171
75 914
582 976
457 314
512 240
299 154
593 817
802 325
382 619
958 637
106 752
400 350
878 160
359 826
284 974
987 550
663 988
539 635
498 495
365 806
789 139
442 940
199 180
19 202
259 298
219 208
705 595
411 513
564 667
215 784
288 539
909 19
726 622
716 193
638 15
287 307
986 530
59 313
755 13
30 917
528 870
225 64
692 811
767 935
913 396
927 453
691 404
409 11
879 861
267 205
327 846
817 510
774 403
430 929
961 164
994 200
271 10
235 911
256 366
624 435
232 776
116 370
466 484
29 896
822 924
424 282
8 196
926 119
823 811
222 343
538 599
383 212
427 146
506 923
456 69
487 473
655 32
742 384
896 251
392 873
437 136
892 517
379 280
408 965
809 480
