3 32 35
19 8
27 25
30 31
29 6
13 12
1 18
22 25
32 19
2 9
30 22
31 20
16 9
8 12
27 20
32 28
8 25
28 16
10 18
17 19
9 11
23 31
32 17
28 6
26 20
27 15
2 6
16 3
12 10
5 22
13 18
21 2
10 24
17 7
14 30
4 13
20 12
27 24
9 31
17 28
30 13
16 22
2 14
14 25
10 32
1 31
14 1
32 12
31 32
24 29
24 4
28 2
16 29
25 21
5 1
18 5
25 13
22 4
5 7
16 15
4 6
12 9
26 17
29 7
7 18
23 22
11 18
28 3
17 13
8 2
9 19
30 4
17 8
19 3
14 31
24 31
15 32
8 29
25 8
30 29
24 1
28 32
21 20
20 12
5 7
6 24
16 10
10 19
28 5
26 25
1 28
1 22
30 25
21 2
6 29
19 5
27 22
20 23
22 13
11 13
18 13
12 21
10 32
31 11
11 9
12 6
