22 358 385
309 86
323 161
106 245
146 46
351 117
180 258
192 202
284 137
156 120
348 49
105 143
134 200
117 315
81 184
64 312
61 151
224 259
313 16
331 64
249 246
227 121
262 87
214 330
85 344
265 190
111 31
9 95
345 220
6 209
266 81
177 269
241 62
64 250
241 110
302 316
22 323
128 250
97 213
28 194
123 70
102 152
301 259
268 196
176 254
215 231
199 212
41 149
337 237
203 59
328 86
184 12
327 177
115 154
96 76
216 273
179 24
31 61
223 120
8 257
74 78
38 210
168 197
67 225
159 33
108 239
285 254
276 185
167 221
157 206
358 176
74 116
137 313
2 127
304 90
224 268
15 10
164 104
30 333
251 80
319 290
63 336
7 232
289 250
247 226
65 344
42 275
43 329
28 101
53 164
76 59
20 350
255 38
247 257
232 272
247 50
103 189
39 91
142 188
201 113
95 229
68 136
147 252
25 90
358 157
205 214
54 299
77 108
20 175
57 300
17 120
322 40
111 263
253 263
112 145
235 240
173 53
133 298
220 306
108 144
341 320
33 339
274 57
107 220
65 83
206 319
234 183
130 104
32 5
126 184
141 198
147 203
155 138
192 213
30 239
82 155
91 329
68 49
342 128
270 55
203 121
32 213
79 294
353 173
140 112
101 349
43 323
81 186
306 312
295 126
31 36
239 181
170 98
10 85
311 204
290 17
303 345
135 335
282 29
88 255
242 198
267 122
354 27
153 237
216 19
168 280
333 4
169 102
289 74
191 49
204 283
342 345
128 26
7 112
181 3
311 73
79 152
5 43
322 135
273 90
326 289
355 235
46 75
167 159
248 208
29 58
27 171
302 140
261 326
322 71
315 182
317 190
296 304
148 40
325 223
266 114
280 56
279 212
77 119
314 290
178 243
346 53
1 150
36 194
92 243
282 34
241 109
292 91
238 143
264 122
228 336
276 340
129 72
79 341
354 348
93 33
146 318
358 5
150 82
222 168
217 114
87 292
166 94
274 266
302 137
84 285
105 231
6 46
158 60
347 42
293 342
10 217
271 222
311 106
295 186
251 281
145 77
297 208
252 307
54 67
312 118
188 350
210 202
155 263
212 165
181 314
135 277
324 38
55 234
180 80
66 314
11 277
117 205
326 50
202 218
338 153
232 139
355 162
234 243
158 177
208 20
198 140
176 37
83 174
123 19
272 306
109 172
333 259
286 224
229 141
87 148
134 355
236 287
83 348
29 105
291 160
185 42
235 248
265 210
150 111
305 82
344 129
158 159
237 57
279 310
106 170
60 69
70 304
179 330
334 58
267 228
51 7
194 187
148 6
211 68
93 124
277 40
94 246
269 60
55 267
123 207
178 336
2 95
206 165
269 13
28 357
110 328
308 152
330 147
41 86
173 154
146 329
347 276
217 356
257 116
163 23
14 41
154 134
252 254
113 122
121 94
223 17
291 204
113 133
110 52
179 65
292 193
93 67
265 101
228 260
129 153
126 48
315 291
76 246
230 34
352 114
100 130
143 231
313 23
278 350
164 188
125 14
251 103
116 244
145 44
295 99
222 262
19 18
170 214
321 178
262 280
268 30
185 70
282 332
34 167
85 89
2 23
216 21
136 264
102 236
274 47
186 343
161 279
32 255
136 285
272 319
341 180
59 256
45 141
229 195
264 133
54 354
104 109
130 14
248 347
157 80
233 205
103 236
273 161
61 190
36 35
288 192
27 58
132 165
131 328
219 50
110 346
157 190
262 82
104 71
219 337
258 196
251 224
252 31
144 5
251 145
185 201
224 329
168 117
295 129
161 187
112 335
65 58
213 344
88 75
211 212
269 188
173 151
254 113
152 135
139 61
262 222
155 211
35 336
37 166
299 203
352 259
57 196
291 44
342 200
230 316
69 191
171 239
353 199
165 281
314 248
10 156
50 39
153 148
206 81
221 328
262 257
25 333
265 331
243 116
300 17
24 54
280 74
110 256
23 92
355 140
192 52
254 119
228 333
105 130
213 148
39 242
172 135
36 95
241 142
7 344
155 66
125 334
43 227
99 162
182 276
235 8
220 112
349 70
237 133
44 53
66 156
120 177
284 5
146 254
184 322
151 107
178 34
330 81
175 134
154 304
58 272
209 74
248 108
146 77
144 224
278 132
110 98
93 116
337 314
164 102
301 207
329 6
1 26
35 264
33 30
59 6
215 32
207 346
186 41
183 269
221 230
125 69
93 192
118 121
99 244
310 80
184 154
113 29
227 194
114 174
38 49
133 12
189 165
266 245
26 352
285 55
358 52
7 78
273 290
24 209
45 83
95 94
246 352
81 274
128 299
112 343
67 125
68 84
303 233
341 58
180 222
233 268
230 330
218 288
196 294
91 86
313 315
354 178
15 67
109 248
311 225
153 269
283 18
184 111
87 96
284 118
186 105
130 278
346 51
237 205
43 63
86 294
173 86
47 32
226 272
190 154
139 241
220 37
44 67
274 233
353 71
87 356
45 182
31 3
2 59
353 243
182 253
6 2
302 250
150 235
351 281
307 116
188 326
90 54
283 275
288 232
343 319
159 164
148 308
253 48
46 299
136 218
314 141
238 100
240 246
204 99
35 298
305 333
134 124
187 17
349 19
31 127
85 192
172 260
273 328
146 131
207 334
275 218
303 221
101 225
151 28
336 158
324 334
90 231
9 98
46 241
103 244
345 185
323 205
268 166
156 8
51 255
46 197
229 255
205 211
5 101
286 252
289 317
216 113
176 232
279 243
14 275
264 231
258 29
55 79
348 315
315 77
34 257
33 245
77 104
104 159
65 321
344 250
342 252
94 339
16 162
64 171
74 54
21 337
168 88
145 39
201 160
195 127
232 201
115 231
21 72
177 169
332 302
202 272
235 139
8 66
56 236
27 53
50 236
170 114
261 327
100 357
208 153
26 180
137 43
288 270
165 220
325 342
322 240
317 138
55 318
200 17
278 186
32 23
167 83
313 268
41 98
29 37
324 70
95 226
297 226
23 236
180 246
50 263
63 143
277 109
60 294
7 327
188 101
317 71
40 285
198 25
24 122
75 301
90 10
217 309
349 217
166 149
140 127
168 301
161 13
247 49
239 106
228 292
313 89
179 215
88 62
287 330
174 126
253 129
251 41
109 265
33 255
178 245
161 140
172 239
87 285
4 250
303 234
181 96
203 38
274 163
159 289
118 21
10 114
45 320
164 124
28 193
225 213
63 128
49 100
257 20
322 223
209 296
93 338
284 249
75 271
302 306
327 332
135 94
97 264
343 25
200 105
203 357
53 69
83 340
167 190
147 150
128 293
217 68
169 52
73 59
123 130
357 76
169 199
324 134
80 174
282 2
332 350
120 42
283 318
215 145
210 187
96 185
329 124
167 22
227 120
144 265
28 258
347 38
240 129
312 173
199 267
65 273
177 150
336 80
281 228
289 318
222 51
11 237
244 133
70 68
162 155
171 328
214 34
64 343
261 38
44 305
328 104
302 71
145 339
322 151
272 121
284 38
88 187
133 157
165 235
167 280
105 212
265 36
340 131
152 357
311 95
57 148
333 267
287 13
77 323
10 199
80 205
358 32
211 5
243 220
302 31
10 206
318 12
109 147
317 274
232 354
248 76
62 120
151 162
168 214
67 135
49 123
266 176
186 294
260 321
293 17
242 131
101 22
280 125
167 186
79 258
53 50
229 319
290 96
294 171
320 310
350 208
4 231
189 34
63 247
68 149
352 316
153 233
141 75
121 147
5 155
276 126
46 255
299 231
271 255
246 99
223 25
307 61
253 20
17 39
279 16
155 21
302 50
201 38
36 10
220 60
99 66
177 104
107 313
154 318
61 324
305 194
93 227
260 268
288 317
116 332
125 6
129 100
121 73
55 193
319 248
108 162
33 90
277 43
259 136
261 64
58 59
22 28
186 252
175 22
93 232
5 89
273 97
269 306
297 215
26 282
192 262
325 80
175 224
137 233
170 286
358 52
37 197
19 44
348 67
131 13
239 276
153 161
333 257
118 56
286 40
86 299
281 351
266 97
11 332
215 61
181 113
70 287
197 346
91 119
306 104
256 200
118 106
49 154
192 25
156 100
291 216
130 102
221 35
179 164
51 152
54 81
331 158
292 95
205 77
196 218
311 190
156 15
219 34
129 197
311 70
330 170
281 120
80 81
107 220
110 179
168 301
219 249
299 169
303 203
344 298
336 346
55 150
138 210
133 8
153 43
202 60
331 1
274 181
239 347
185 106
239 307
158 353
50 98
200 4
204 333
163 195
350 357
251 345
111 184
201 32
187 281
79 30
232 321
252 82
308 142
355 300
192 148
296 135
258 135
28 87
331 57
113 145
253 212
298 178
156 182
196 27
334 44
178 159
286 28
109 252
132 266
200 111
211 235
258 84
173 127
191 25
48 233
78 79
355 90
113 157
350 75
240 234
20 340
222 296
30 345
63 198
295 207
327 154
343 112
71 53
109 168
245 18
237 263
85 119
255 93
180 307
149 173
303 29
74 64
271 84
203 16
94 8
163 316
7 290
215 276
183 143
49 263
57 4
335 199
124 129
301 183
334 81
149 324
306 63
356 320
130 199
354 142
285 150
172 73
96 273
337 133
321 326
278 163
65 132
290 249
103 203
314 291
143 230
147 58
242 329
343 42
294 16
274 122
45 356
179 74
355 39
73 261
201 241
248 112
145 181
228 152
128 83
259 218
254 116
119 289
169 140
84 345
85 221
320 271
92 67
137 188
97 317
69 253
211 342
283 346
183 303
247 146
71 293
132 293
328 162
280 47
257 21
332 348
75 18
134 336
275 175
106 296
107 34
341 20
100 90
240 115
176 262
269 139
164 319
91 60
196 128
224 244
9 74
114 32
138 36
316 8
70 95
230 213
41 194
13 230
15 262
295 77
356 137
127 235
66 226
128 259
267 166
53 127
328 122
357 212
167 194
37 18
143 287
151 298
282 291
124 336
260 66
17 315
295 125
124 23
225 150
191 148
99 142
144 348
187 314
55 170
164 238
91 312
358 58
221 219
174 273
247 269
155 217
116 118
278 157
338 85
340 236
3 39
15 24
264 21
282 158
177 72
354 96
14 112
205 309
227 117
160 176
349 301
209 30
138 234
227 43
278 225
37 242
191 218
324 267
263 231
224 225
318 169
249 122
2 314
257 304
305 234
240 130
120 111
178 177
334 250
173 270
104 7
190 95
334 212
14 337
282 66
91 336
333 89
52 225
68 38
4 219
111 50
329 279
166 87
4 169
240 321
195 37
135 274
66 351
19 134
357 164
17 303
105 60
129 248
180 181
332 83
131 199
242 69
112 12
199 160
20 155
37 257
44 222
128 83
346 358
81 352
350 58
316 239
118 4
21 143
5 137
159 206
57 158
204 356
229 88
3 72
281 131
237 204
342 29
271 68
339 270
264 283
114 185
81 234
275 170
60 212
29 354
172 109
138 82
154 130
11 17
80 231
196 295
282 18
10 291
150 93
32 151
285 277
32 237
128 218
133 58
150 286
145 147
146 67
285 184
245 28
243 298
182 275
212 197
276 259
326 188
124 153
122 229
207 124
265 331
304 233
96 163
233 230
119 112
1 257
318 140
273 132
84 308
345 298
74 182
297 324
181 307
52 205
201 8
54 210
10 209
139 48
337 321
10 319
239 54
6 143
165 75
280 166
19 225
312 226
160 353
13 308
262 187
316 22
77 51
57 126
161 156
115 47
281 330
13 106
151 343
171 320
27 251
98 346
343 289
78 255
145 255
329 352
34 286
252 351
26 97
262 292
160 125
321 201
114 168
22 306
152 161
331 155
311 250
243 130
196 79
206 242
358 25
162 281
354 323
48 26
162 14
234 347
222 129
3 71
235 36
286 280
111 227
98 220
122 76
225 237
192 167
140 336
289 241
193 65
75 234
250 285
325 338
117 350
55 345
269 320
102 9
236 68
164 100
85 14
255 298
59 316
18 341
200 219
171 287
345 339
104 334
128 271
214 273
284 72
236 22
49 213
48 96
144 335
69 177
108 208
158 224
232 228
120 254
172 192
61 96
236 189
322 186
164 358
141 12
49 189
5 17
113 131
13 91
307 197
170 19
115 264
260 72
235 100
35 18
222 29
23 51
322 9
287 6
86 292
267 92
120 52
229 162
341 102
192 142
320 16
268 105
300 117
188 268
350 348
143 297
146 32
206 50
261 23
53 125
130 142
24 280
317 9
349 59
123 118
199 293
331 282
203 294
60 176
288 35
46 276
77 194
304 258
334 327
243 278
98 235
50 209
260 66
83 54
267 64
145 28
296 157
324 257
132 305
303 156
189 216
2 327
95 158
247 57
56 104
23 141
233 314
31 251
136 184
119 90
41 100
176 149
355 292
223 168
116 330
45 78
12 228
340 103
217 120
319 31
62 216
133 231
79 175
328 274
312 254
227 82
196 338
138 43
349 64
264 178
170 244
272 105
42 142
309 283
297 198
241 135
165 127
337 30
336 315
135 70
202 28
344 239
86 165
227 150
89 176
209 251
260 290
161 302
79 148
140 259
103 203
327 7
15 6
232 63
78 245
329 338
127 99
89 181
84 39
247 95
208 186
33 175
193 296
283 191
245 266
230 304
133 110
309 247
168 26
175 75
179 242
167 114
287 125
256 269
204 146
203 111
262 296
201 73
15 197
349 324
73 183
103 69
84 335
155 166
152 354
188 272
241 238
352 308
121 307
343 228
211 31
101 51
341 289
94 81
73 122
219 182
268 107
167 59
351 3
313 64
208 127
132 250
276 335
253 7
186 173
115 274
152 174
5 231
263 91
193 322
49 216
339 172
346 272
271 221
303 117
112 301
309 153
82 58
330 269
102 124
86 246
151 232
299 319
40 275
118 312
230 141
184 156
310 259
35 138
254 249
119 77
215 163
37 15
163 267
273 129
153 171
173 54
103 185
268 153
287 48
204 269
300 330
57 255
150 333
40 17
285 110
115 145
166 215
41 77
63 191
101 65
226 68
30 84
343 44
349 75
89 355
62 193
293 310
68 105
66 214
172 351
34 154
249 181
307 14
129 37
6 193
259 337
271 104
36 281
28 26
199 329
278 240
70 203
354 276
79 222
3 263
70 217
51 140
297 85
162 250
235 115
315 328
218 235
76 124
27 10
219 147
101 79
5 30
203 44
305 238
240 333
63 158
252 307
24 135
280 32
82 294
162 38
326 146
16 198
157 347
62 331
60 129
314 197
244 158
157 199
346 220
267 161
56 275
38 225
33 7
352 163
41 66
185 81
284 3
155 58
205 153
49 29
154 242
149 196
207 278
306 305
231 236
84 98
209 329
178 324
154 185
46 342
41 39
168 214
133 232
51 318
283 111
32 290
4 245
157 69
86 94
182 290
125 224
213 300
329 100
210 276
333 301
289 318
210 28
228 339
9 202
331 260
172 160
72 306
340 132
135 327
22 153
296 254
294 325
230 251
177 274
176 17
123 303
132 228
59 243
57 56
75 156
137 68
314 228
304 159
251 44
256 186
133 148
135 274
168 196
159 246
189 24
29 221
30 28
187 144
220 23
223 39
82 42
349 261
252 279
2 311
67 95
215 97
151 114
351 258
152 321
67 204
116 105
171 84
258 63
112 286
57 52
312 128
270 338
257 175
233 256
204 99
281 106
107 328
78 148
272 190
328 343
350 287
76 326
104 80
344 355
149 55
111 303
322 223
276 334
33 108
273 53
150 337
89 224
9 141
224 19
149 234
240 83
295 330
59 72
201 274
170 353
118 112
22 94
332 254
50 293
144 98
67 245
142 348
319 248
283 287
166 24
21 132
235 208
212 352
73 47
27 220
252 297
142 193
120 256
164 188
158 91
184 230
13 50
178 105
96 155
15 304
75 181
167 186
253 249
20 168
231 125
35 42
144 354
11 176
104 290
129 81
1 152
108 1
66 282
175 128
109 270
137 106
165 356
354 29
226 349
244 270
314 110
179 251
70 230
353 352
263 338
277 122
250 101
107 32
208 81
267 269
283 273
216 199
62 341
221 58
245 190
353 332
159 347
302 55
46 145
76 207
16 203
141 136
152 297
183 59
55 234
148 38
196 120
145 323
205 12
147 357
298 198
14 102
291 71
326 25
25 16
74 337
71 61
244 249
320 115
321 143
238 183
173 172
72 358
180 31
209 304
241 306
215 164
139 151
74 150
64 25
89 231
211 1
345 335
45 147
165 239
137 178
60 288
122 343
61 239
263 357
318 346
222 250
79 347
83 126
262 107
346 301
293 27
174 332
237 317
80 122
42 142
93 22
71 176
48 265
305 207
49 316
205 112
165 51
226 278
169 269
308 212
118 133
9 299
273 48
134 39
94 34
110 294
221 125
43 255
90 85
344 138
345 311
192 82
156 73
233 319
45 3
46 151
330 254
14 202
164 201
229 210
300 155
340 331
88 214
255 173
266 128
8 201
141 85
303 281
357 247
162 311
91 202
156 198
119 139
301 175
87 222
74 309
200 108
45 130
286 60
17 267
92 58
313 34
227 266
111 106
344 2
206 183
61 190
166 234
49 212
223 345
186 335
264 80
338 319
127 286
266 237
355 118
194 2
237 31
56 91
233 181
113 258
351 121
239 50
336 238
31 83
98 18
208 139
321 33
209 131
195 120
307 117
340 73
335 292
19 37
55 108
13 89
289 86
352 31
3 83
305 144
224 90
338 71
84 58
11 148
33 17
96 288
138 101
288 338
185 190
215 356
304 123
243 97
18 33
357 196
110 200
47 157
126 40
214 203
95 267
48 261
272 293
351 65
207 186
185 227
336 72
36 269
320 291
163 329
28 196
115 317
122 286
22 190
116 286
6 322
21 29
3 344
239 42
102 346
74 205
148 310
168 164
123 32
334 205
265 35
100 239
287 91
77 269
45 161
265 263
235 264
173 18
290 279
297 47
184 192
191 186
98 71
225 44
92 258
225 48
224 343
60 22
28 270
21 64
284 253
273 345
268 102
110 350
113 51
294 346
231 50
175 239
285 333
54 119
149 98
7 74
18 250
95 65
317 178
29 54
198 326
355 10
151 1
352 270
320 221
90 106
280 305
181 22
321 357
303 168
292 9
267 257
147 271
192 76
298 11
325 264
324 323
296 51
40 251
171 238
203 108
270 275
165 208
272 56
324 152
50 163
151 69
177 182
333 313
190 233
226 293
173 158
163 312
21 5
209 221
308 280
256 77
81 64
125 86
60 189
218 72
171 85
147 340
283 162
240 139
121 202
244 8
358 260
109 85
49 160
232 181
78 227
60 103
54 126
292 340
146 132
337 227
260 254
223 135
234 199
16 73
216 80
128 52
63 44
309 323
188 166
306 181
168 248
197 195
193 143
354 66
301 129
233 38
207 176
171 141
67 232
218 61
123 131
194 106
223 129
346 104
155 329
260 98
273 73
149 224
164 20
206 305
28 31
322 313
173 275
82 15
340 201
30 207
219 266
290 36
17 65
19 319
184 226
64 180
347 137
337 159
297 355
125 195
324 53
92 89
220 69
138 202
276 83
262 339
166 44
306 75
145 109
267 284
215 118
344 255
136 188
8 322
156 202
242 79
193 354
63 10
222 234
63 339
256 128
124 210
183 151
304 231
357 263
132 355
177 80
167 134
214 112
236 129
309 117
81 23
127 350
132 92
252 120
352 342
126 94
116 259
329 300
277 36
284 39
5 271
155 33
178 166
100 150
212 235
310 282
231 77
232 332
319 316
107 192
43 116
35 138
271 172
225 295
45 177
96 130
121 134
131 299
155 334
59 67
24 6
53 68
213 174
26 24
323 211
50 96
214 48
356 85
42 164
76 84
240 74
104 34
76 302
356 51
73 111
178 114
35 204
193 226
130 280
174 275
79 246
237 183
25 313
353 228
29 137
57 113
176 196
6 59
79 195
19 303
248 220
40 10
234 233
183 220
263 4
256 72
69 274
97 106
124 24
105 67
120 318
109 238
337 53
241 250
336 348
103 335
42 187
265 278
124 306
162 254
303 297
289 307
81 292
58 43
179 353
93 279
186 134
206 71
240 165
344 97
102 266
229 147
49 131
47 353
336 320
286 82
89 137
307 158
11 110
133 39
100 145
128 279
328 288
218 221
84 62
307 246
153 31
269 247
310 199
111 273
354 43
176 41
259 45
290 327
272 104
103 309
330 38
326 8
108 250
39 293
99 238
228 185
49 235
95 266
80 70
142 125
314 252
2 254
341 304
88 121
333 326
169 58
281 148
249 338
149 14
83 162
317 188
158 174
223 236
334 264
206 87
236 199
86 27
216 230
205 91
59 154
3 170
17 339
248 145
46 203
246 331
245 82
349 184
15 311
216 15
5 217
252 215
120 113
12 90
38 350
165 91
315 130
140 259
111 289
228 319
89 21
258 194
141 252
80 124
62 149
16 307
42 62
76 275
215 286
62 75
59 315
290 21
326 292
230 104
206 259
234 24
285 339
162 338
349 258
156 322
164 352
33 310
108 241
27 328
204 253
20 276
223 162
135 314
102 86
2 174
274 139
38 122
196 256
23 317
266 209
280 333
350 260
69 250
233 178
60 312
77 108
195 350
28 223
48 196
140 116
205 14
129 75
116 39
159 256
133 213
48 340
282 64
104 36
15 345
160 317
6 9
260 309
70 15
91 42
122 183
222 110
228 157
115 84
327 95
57 297
169 249
335 336
248 341
143 108
329 232
165 214
312 174
305 157
114 344
113 152
214 179
313 82
246 217
306 226
304 283
167 52
252 5
277 113
49 189
187 56
57 263
136 270
11 244
132 95
357 166
4 325
329 336
298 48
171 198
42 7
254 112
165 188
50 207
51 132
176 256
232 43
171 167
45 176
38 121
146 39
11 46
1 127
244 133
351 263
56 286
346 343
273 121
352 28
155 182
24 201
74 13
343 344
347 30
299 46
255 236
235 119
147 12
338 308
138 144
289 164
98 331
273 219
357 287
10 304
342 40
33 230
331 163
26 31
80 308
186 153
219 356
37 123
241 307
349 34
214 150
12 238
156 117
282 252
236 296
184 228
279 354
160 257
217 237
239 97
349 135
90 232
206 245
208 87
299 353
194 310
262 191
276 103
130 7
68 251
162 80
66 280
272 257
239 76
328 319
326 245
53 144
105 310
43 189
273 345
307 4
124 269
46 103
94 81
96 11
160 18
115 269
321 26
344 227
263 74
97 288
308 128
31 316
85 127
260 304
274 315
306 82
337 165
164 10
147 109
30 313
319 338
207 251
281 82
266 17
177 222
91 302
59 246
225 99
249 343
200 85
356 81
319 274
348 65
173 60
250 122
233 300
153 6
38 278
8 103
315 151
299 197
95 123
47 43
342 240
249 118
149 177
132 33
138 268
117 209
107 149
22 269
264 323
243 254
312 154
293 76
205 190
253 102
189 333
147 117
236 6
181 120
313 212
234 120
133 220
251 12
217 88
333 161
19 155
59 168
341 354
167 203
199 223
179 218
207 175
222 262
202 356
148 240
111 10
231 326
58 104
29 168
85 17
246 18
198 328
298 15
61 329
261 31
152 25
337 290
89 199
204 324
230 203
101 197
130 210
125 201
337 137
254 175
105 64
241 32
255 211
211 125
79 282
291 295
353 240
213 244
127 358
170 84
134 211
74 155
174 173
291 285
264 114
166 118
99 208
242 219
180 245
21 158
285 317
345 294
41 176
3 199
156 112
19 181
30 303
25 72
298 65
91 261
140 138
69 320
257 255
291 205
224 28
5 83
102 67
178 63
89 179
14 284
98 92
216 67
270 88
36 71
96 171
311 96
113 25
306 130
177 267
69 121
190 142
77 261
8 67
178 197
3 54
276 203
125 355
123 36
144 39
266 213
118 131
221 253
233 342
7 35
60 229
41 81
250 334
264 357
120 301
88 55
166 140
93 196
18 270
231 235
228 57
198 235
280 351
115 192
3 98
77 99
354 65
204 97
208 4
126 175
134 152
8 293
194 78
17 332
181 75
24 262
41 172
347 26
100 105
185 258
173 353
271 239
348 231
286 19
44 1
193 290
168 206
84 124
106 112
347 265
293 73
330 190
1 209
5 135
318 352
114 145
134 201
116 64
234 247
153 14
331 350
336 351
348 341
157 56
218 288
35 65
288 213
34 322
235 233
275 312
267 20
19 41
249 126
167 265
205 336
321 308
328 324
50 6
60 228
345 27
162 305
182 36
288 315
109 37
258 76
295 334
130 104
136 325
21 10
253 159
109 183
213 68
294 40
210 33
181 232
358 116
128 119
193 117
227 344
347 93
58 310
91 98
31 76
152 266
95 185
74 280
342 122
82 93
79 278
296 351
84 60
139 65
166 330
184 204
55 43
10 207
251 97
284 244
63 42
160 203
85 332
258 45
133 28
184 174
175 20
233 115
154 21
212 341
254 160
29 3
92 73
148 336
81 8
324 123
258 210
237 304
337 257
246 81
276 190
253 112
41 324
263 344
183 120
270 83
202 194
307 224
170 70
223 322
294 11
111 273
301 140
51 18
39 43
10 333
308 207
165 273
106 192
214 217
126 206
220 285
316 29
70 334
190 349
87 127
135 198
51 285
276 268
218 17
316 32
208 271
181 66
165 126
292 331
84 180
149 330
161 86
164 72
119 185
15 26
290 132
82 47
322 214
351 123
14 329
107 95
274 146
247 9
6 145
200 154
256 175
158 22
128 113
196 130
38 332
250 265
101 193
100 134
215 210
244 121
124 101
82 24
134 173
162 20
21 255
186 264
85 313
104 137
61 60
131 287
300 144
129 85
158 317
235 280
28 199
102 98
46 208
96 170
13 50
223 306
75 214
122 130
257 237
165 136
265 208
353 119
315 153
163 123
146 305
337 2
94 4
272 186
203 230
357 92
197 301
302 67
285 299
63 281
255 260
100 264
117 28
122 327
356 348
97 314
261 79
159 236
227 155
284 100
217 105
247 314
236 354
239 259
248 51
78 239
292 198
24 55
220 337
177 276
98 36
110 320
53 97
111 52
26 190
303 162
144 325
279 278
225 166
121 201
291 202
235 326
302 352
73 49
164 108
330 132
72 113
180 61
308 154
153 240
44 352
143 245
207 167
26 231
132 35
340 245
55 336
279 59
180 355
58 156
113 266
356 281
69 109
280 305
125 29
133 84
102 41
168 295
260 191
106 277
62 311
43 171
127 104
259 187
172 39
269 13
25 244
251 36
309 3
233 217
102 16
246 238
169 128
298 1
14 311
188 18
219 281
83 70
24 73
93 275
297 278
11 262
346 110
182 114
188 287
315 178
6 268
99 327
88 350
117 282
146 223
237 204
351 144
316 159
317 72
140 319
121 94
348 252
7 56
352 277
212 136
134 11
23 203
110 179
264 80
350 246
302 92
309 317
46 103
167 202
147 232
270 3
259 176
243 204
173 157
310 129
79 32
64 340
129 318
89 262
184 18
318 77
218 345
310 153
227 272
270 80
253 234
179 120
311 65
188 46
252 140
292 226
325 150
80 86
266 95
83 48
220 339
221 193
298 251
69 338
212 182
5 234
164 158
234 112
358 181
23 241
175 298
170 23
294 147
262 358
286 30
335 205
120 90
166 176
183 57
178 247
343 232
185 215
320 69
142 61
295 39
323 147
226 334
268 273
255 186
54 303
173 260
81 284
293 124
176 71
112 283
289 14
348 245
138 32
242 257
133 63
272 344
279 252
48 86
226 307
198 127
329 78
307 327
101 211
332 318
356 118
50 189
239 209
205 160
301 7
194 287
206 111
178 309
12 78
195 48
286 138
179 151
58 236
138 35
206 320
15 229
340 124
7 286
350 94
141 277
303 314
213 345
222 329
194 216
106 275
76 215
13 15
48 173
301 234
237 36
190 303
307 264
116 237
127 130
209 183
319 49
284 171
205 186
291 226
56 306
305 205
77 14
136 218
277 317
261 277
256 135
231 201
271 114
8 262
357 27
35 312
108 320
334 261
16 296
340 70
58 165
28 338
222 255
131 18
89 176
345 202
165 21
231 216
344 329
259 118
129 150
90 251
140 136
254 172
205 335
77 299
217 226
310 289
315 233
287 300
11 281
24 327
220 219
277 207
323 132
45 220
334 161
138 242
66 350
209 238
148 101
102 89
141 7
150 343
30 132
210 44
312 259
64 233
181 46
251 155
282 81
239 243
294 232
35 39
164 179
227 242
259 119
116 13
215 256
185 336
123 64
8 4
222 271
356 29
274 178
232 195
97 240
22 288
307 167
302 182
43 262
45 290
120 315
99 158
335 96
109 100
174 253
178 308
326 67
240 24
128 89
187 203
188 64
302 115
212 295
126 55
174 316
69 18
186 260
47 311
296 250
248 54
266 278
147 16
272 210
62 66
211 273
150 353
162 123
297 202
219 163
165 354
145 192
164 54
211 300
81 313
265 90
124 61
350 279
160 280
51 238
174 346
146 332
337 170
144 243
314 267
204 95
73 125
124 297
240 254
303 123
193 6
249 279
108 164
158 292
234 232
68 209
352 316
343 212
86 194
214 145
247 268
276 111
221 215
90 341
96 206
81 270
296 59
17 11
33 56
120 344
188 345
49 322
358 114
13 159
198 230
48 194
92 200
102 170
117 203
193 101
347 256
284 301
139 51
154 347
122 318
15 283
334 324
284 35
151 294
103 228
294 308
233 50
273 40
58 352
82 330
188 291
124 10
67 300
159 317
70 153
212 94
51 36
333 30
223 215
171 169
217 7
118 184
305 121
343 91
3 192
88 140
167 340
112 279
70 247
306 258
350 340
172 358
110 137
270 130
184 94
42 21
244 183
106 234
66 313
85 329
53 141
241 168
122 276
114 246
134 112
135 197
226 125
146 306
172 24
8 282
336 58
170 55
122 289
242 5
199 186
26 319
105 213
282 283
348 262
30 20
270 41
225 338
177 187
246 265
101 21
182 105
236 13
309 110
84 347
106 132
65 139
144 67
272 80
104 297
321 220
191 192
330 222
287 85
216 266
353 75
141 356
79 191
257 223
47 330
228 95
197 325
345 109
27 336
160 251
319 243
46 95
328 128
247 79
199 267
338 328
71 52
257 246
181 10
328 196
160 358
138 27
46 304
291 109
167 87
349 18
110 50
36 83
191 269
302 63
161 275
194 353
193 200
325 136
227 288
131 217
325 176
54 105
200 288
48 184
313 157
238 77
231 283
180 94
78 203
57 301
108 103
38 78
102 55
281 276
308 152
202 10
161 292
131 69
112 208
125 60
76 355
348 293
73 356
181 115
224 84
1 149
175 144
115 133
106 333
47 271
265 156
257 169
263 210
223 339
315 335
78 211
286 103
134 130
31 317
298 176
351 299
52 158
250 146
245 316
57 252
120 166
237 331
312 34
69 12
168 171
37 116
1 253
19 7
73 143
348 137
49 287
25 225
159 197
139 230
57 50
272 352
183 299
307 145
329 44
134 9
236 230
303 178
169 84
142 227
187 273
281 229
79 107
305 267
236 74
96 11
261 2
1 44
219 118
253 189
72 333
228 113
292 23
45 168
137 76
266 76
199 32
56 16
128 93
250 254
285 138
225 140
289 85
52 135
342 216
182 98
344 235
17 349
306 157
281 324
312 341
226 195
250 346
347 210
210 77
131 167
277 124
162 60
256 247
142 265
226 91
78 231
86 229
135 277
287 309
110 75
164 166
31 109
169 64
82 199
328 38
128 123
356 51
271 35
73 329
292 303
35 27
242 204
271 345
280 49
300 261
100 128
140 338
84 268
169 86
221 295
130 304
188 345
149 318
228 37
284 20
219 165
167 324
23 294
159 197
281 102
20 137
330 127
8 53
249 229
181 133
325 301
63 334
44 159
302 55
325 286
5 168
348 278
34 111
4 187
289 29
236 157
90 39
272 149
346 1
354 248
195 305
274 158
172 332
65 42
8 122
312 68
323 25
284 313
23 244
191 109
283 187
217 349
100 299
311 293
175 202
48 320
143 44
285 358
270 60
15 168
132 108
353 247
172 103
76 186
210 257
7 204
65 10
28 231
183 131
61 296
357 327
356 9
259 160
3 217
264 52
235 314
167 325
198 111
115 42
92 160
94 3
202 83
117 153
275 138
146 197
332 15
8 67
174 67
338 191
309 343
331 75
334 87
247 313
61 98
33 297
267 214
137 348
304 221
47 314
80 158
268 244
298 276
193 236
291 183
230 61
139 34
27 13
350 357
11 315
103 129
223 173
52 293
105 111
37 185
94 22
96 201
178 138
340 62
242 245
217 185
239 189
180 213
33 175
282 300
259 352
231 29
16 298
95 79
150 170
178 6
298 95
206 290
159 85
145 306
193 187
170 116
112 207
81 104
335 99
245 21
186 326
155 261
86 158
315 74
275 269
211 185
120 157
248 302
93 346
329 309
358 70
104 339
295 34
271 228
336 46
275 171
220 123
213 14
332 19
316 188
264 36
58 39
222 280
237 90
295 317
358 177
215 219
296 322
71 74
99 29
163 46
198 196
324 221
80 14
261 35
137 134
267 233
156 25
188 228
127 243
128 151
193 323
306 186
255 272
27 252
251 58
145 113
57 39
2 268
331 194
67 257
121 149
148 54
146 328
190 142
148 124
175 116
28 170
119 154
90 80
93 260
253 1
232 68
106 58
349 329
333 30
32 241
208 307
219 241
273 341
338 101
202 33
254 249
4 207
65 323
161 303
282 40
18 169
25 327
208 339
357 133
12 201
241 215
212 18
155 341
251 213
15 319
223 101
352 99
216 51
81 168
260 234
16 184
322 1
348 256
127 45
290 56
132 204
328 244
50 54
116 47
234 52
16 334
331 333
62 141
207 236
154 46
142 197
104 129
70 155
240 336
206 161
270 59
336 94
177 89
13 191
303 290
266 318
3 66
171 88
75 342
203 110
249 201
302 270
281 62
93 257
195 110
143 131
28 246
227 12
287 37
320 12
223 243
280 315
143 176
144 47
208 97
45 147
260 179
229 265
97 267
296 125
85 209
70 258
76 68
98 225
326 44
318 177
24 256
272 82
286 356
313 224
178 277
18 274
77 263
312 41
164 117
138 118
198 87
20 38
136 14
152 81
74 282
140 109
122 77
87 262
132 245
2 242
345 124
322 351
215 49
310 200
333 123
161 126
218 214
51 340
82 76
337 122
60 171
72 172
164 214
355 326
43 4
148 279
320 85
154 259
38 234
284 192
286 205
288 327
26 243
206 66
300 308
140 344
238 287
95 304
314 352
69 274
45 101
265 114
129 321
13 49
189 117
97 107
264 100
2 23
340 103
182 251
339 310
293 226
145 183
189 310
98 146
42 133
160 66
54 248
121 314
38 291
308 331
141 47
188 205
35 1
51 358
67 315
262 200
68 53
306 348
179 61
257 261
311 119
69 200
34 245
273 164
48 61
287 327
80 136
79 62
272 240
292 299
287 90
63 135
42 337
238 67
67 342
350 325
300 308
300 334
334 158
25 324
19 357
201 187
111 193
275 153
346 99
106 344
75 272
126 61
246 127
212 89
240 134
218 323
199 290
276 10
58 139
344 162
295 20
274 302
214 122
204 168
238 21
163 301
182 222
208 50
126 111
110 23
109 310
100 74
142 218
291 353
161 312
330 313
275 143
70 128
231 160
282 183
258 313
338 254
308 150
244 163
98 143
29 108
40 118
193 223
276 102
309 121
231 37
248 130
328 5
252 185
208 185
343 132
234 244
249 162
268 17
322 158
194 219
253 283
8 177
45 99
104 47
231 71
95 112
236 259
131 194
106 155
106 120
123 343
263 317
194 306
55 349
136 110
113 32
167 328
285 88
28 23
289 211
225 284
261 43
62 165
71 53
103 210
154 266
343 54
251 335
312 12
98 85
81 112
55 337
158 93
113 157
135 25
354 94
260 54
336 226
229 126
21 254
131 180
76 146
108 283
16 60
339 207
109 165
155 152
8 340
322 201
165 318
305 262
125 160
348 258
204 209
204 60
355 111
13 296
294 93
101 176
81 248
85 347
293 210
7 278
104 356
277 57
164 73
148 324
137 269
306 265
170 332
279 292
278 272
348 131
129 197
300 13
195 103
305 122
107 352
15 205
29 206
133 70
312 138
133 284
271 289
170 190
49 334
30 15
286 133
221 68
197 93
28 280
51 167
326 283
212 341
3 357
329 247
178 303
255 332
115 274
232 130
90 212
129 258
65 168
74 13
14 85
145 82
119 262
36 124
257 15
115 178
159 103
317 101
83 46
33 249
124 315
250 316
169 325
65 320
164 250
251 280
92 98
267 302
74 42
279 198
198 224
337 84
58 190
132 260
161 23
191 316
324 263
199 21
22 117
255 147
327 329
304 336
117 17
134 353
351 341
39 113
201 102
86 260
313 336
314 8
18 71
11 323
263 233
202 270
211 298
171 214
254 199
107 332
51 129
280 230
159 323
235 248
181 304
278 229
307 116
156 122
31 161
350 217
32 292
298 281
114 143
48 149
304 236
215 243
345 320
357 94
79 112
230 190
241 39
205 25
320 339
60 77
172 317
58 232
319 168
305 177
137 27
19 96
213 250
64 132
174 59
325 211
185 347
1 59
269 144
154 137
353 264
179 178
285 236
220 240
109 232
253 181
339 77
150 6
321 42
72 355
244 55
246 146
11 52
182 218
210 166
115 105
94 78
170 96
26 293
63 118
214 121
189 347
261 101
77 56
9 269
91 326
198 329
341 208
256 102
215 19
32 173
294 41
34 83
12 183
4 162
275 287
215 78
192 251
80 183
276 307
150 146
273 59
279 65
200 154
192 140
134 297
293 159
151 314
70 326
97 47
18 184
239 229
24 315
87 110
333 9
48 291
82 96
97 302
288 322
163 246
79 54
57 249
350 289
29 9
316 286
53 192
186 80
160 18
104 179
39 83
11 202
273 90
167 130
62 344
255 124
281 294
285 99
175 257
12 44
298 197
228 63
2 177
28 182
216 49
78 196
135 1
237 346
68 20
17 118
181 284
57 155
107 238
82 230
281 227
202 20
49 307
286 117
108 119
346 328
203 97
253 66
355 193
327 34
136 274
81 242
239 16
300 237
214 138
125 269
91 146
348 124
64 315
42 246
180 309
258 140
63 195
40 33
262 333
60 59
31 297
322 310
127 276
102 192
189 325
14 76
227 357
147 219
227 202
248 34
353 202
297 201
143 41
74 207
142 63
73 212
333 141
330 80
355 314
121 231
184 348
310 276
283 241
242 186
14 328
138 119
322 22
72 86
304 129
349 173
284 343
248 140
9 121
188 292
15 216
155 215
72 107
70 252
157 253
253 296
326 159
117 288
331 90
23 314
149 314
342 62
286 122
226 252
101 301
93 348
327 232
350 151
51 28
6 31
301 204
36 246
113 220
202 346
250 157
129 265
203 125
256 254
58 240
291 5
23 110
233 178
285 197
114 39
179 247
64 136
29 137
240 76
253 328
154 29
41 200
57 218
341 127
210 55
96 220
98 126
93 165
255 233
337 57
12 72
342 199
69 24
30 69
261 54
190 297
283 3
204 238
11 209
288 100
155 336
261 315
195 208
229 225
100 122
84 42
155 355
267 350
329 306
188 320
217 46
222 176
100 304
244 233
260 65
184 82
164 14
115 186
173 284
36 66
221 64
199 29
77 267
98 239
43 82
258 34
323 354
46 7
324 246
5 257
53 204
198 306
196 172
258 102
205 275
207 33
213 159
275 188
191 305
162 287
223 75
282 260
38 322
122 345
27 347
339 94
51 145
211 303
125 350
256 352
181 15
95 232
325 197
302 294
80 311
264 129
186 164
289 192
134 305
142 334
15 290
319 198
238 178
18 118
66 75
85 20
45 219
102 169
70 315
235 140
161 74
218 295
132 118
11 247
336 180
138 270
251 85
346 181
112 166
58 250
255 92
193 184
154 74
261 212
206 161
84 139
118 351
311 344
215 318
345 293
357 288
39 214
249 88
106 111
104 240
131 28
152 340
2 243
264 175
351 2
40 307
54 212
292 94
340 226
4 46
245 90
168 328
135 243
301 197
33 174
216 303
133 115
47 339
9 206
342 134
54 21
245 86
13 76
12 229
177 207
75 165
141 133
352 56
142 146
269 42
96 106
326 321
230 158
9 109
338 274
160 305
32 214
108 281
325 22
156 22
10 343
123 227
146 49
134 158
135 2
4 63
216 194
282 57
347 201
201 148
210 283
211 160
260 273
150 88
180 153
189 124
271 92
65 35
174 279
170 147
7 280
65 121
219 24
92 178
171 206
163 192
17 300
182 309
71 230
236 355
144 39
245 19
52 132
160 354
308 26
200 69
47 87
336 340
132 40
161 237
181 259
333 61
304 326
71 332
238 310
51 81
25 323
66 198
44 339
303 88
96 183
196 306
124 78
48 250
229 90
347 7
37 20
264 159
274 316
114 23
270 130
150 259
284 167
91 220
187 259
276 232
226 335
228 25
354 291
294 25
50 141
358 241
8 176
267 195
268 165
269 106
115 317
97 47
307 97
237 272
108 80
313 150
145 68
1 61
71 174
136 185
266 248
99 158
346 345
255 299
189 211
145 222
247 254
309 352
137 85
196 93
95 105
5 82
173 162
103 97
114 298
263 12
58 252
108 351
147 137
31 316
169 241
199 86
311 94
157 312
200 356
127 95
166 162
234 316
291 70
84 36
210 163
343 60
222 282
67 243
135 277
91 128
166 294
98 11
256 136
61 164
215 270
274 4
154 278
120 169
230 34
26 292
275 26
254 239
307 83
176 28
60 323
116 163
20 41
89 133
218 300
24 224
357 79
128 242
66 95
274 284
330 75
57 92
299 201
34 215
316 226
212 25
19 6
149 168
221 75
56 304
275 335
291 110
147 57
4 52
21 266
248 108
143 95
65 255
138 290
142 246
357 32
2 181
211 341
336 8
66 198
230 268
13 57
268 332
104 283
232 151
7 167
148 58
93 178
319 258
185 275
165 98
285 170
202 48
46 274
223 174
4 349
39 218
65 29
173 215
287 277
71 314
135 52
243 9
235 50
246 303
327 276
65 89
146 53
36 307
232 257
180 331
309 278
312 337
113 354
128 230
85 115
39 241
40 114
141 330
174 59
320 350
191 185
337 81
104 184
164 61
67 101
145 323
77 16
11 58
150 271
32 22
20 300
132 125
63 339
170 183
341 69
265 252
271 313
228 358
245 251
351 237
44 79
194 348
137 154
207 280
325 311
338 305
84 254
226 223
61 103
47 7
42 282
55 70
233 132
308 75
304 130
348 10
225 247
333 11
310 341
133 333
336 219
145 54
37 178
276 332
212 168
44 238
91 289
326 73
338 165
94 164
314 270
351 247
306 36
204 209
253 31
51 277
27 280
296 44
140 263
111 161
254 50
224 147
54 62
66 247
27 26
67 288
55 202
328 133
204 165
301 107
298 131
64 243
355 181
335 207
273 302
240 231
27 100
119 258
271 198
203 358
191 210
298 69
171 330
125 121
14 305
130 88
112 259
30 56
277 144
313 175
323 291
249 335
274 6
218 329
79 192
117 192
259 113
46 292
144 45
5 129
163 114
18 201
238 20
132 167
340 152
156 169
84 43
179 51
310 293
227 128
241 267
208 338
157 143
275 3
220 294
97 106
156 159
336 123
9 188
36 52
3 38
119 279
205 80
54 331
55 217
231 121
141 119
129 207
302 316
290 93
124 268
239 312
159 182
118 2
173 76
43 60
117 16
270 226
80 23
214 328
161 170
31 56
20 229
205 189
154 168
244 223
215 143
53 306
286 276
53 261
259 162
46 305
15 178
146 315
328 6
289 102
102 250
49 98
129 249
241 104
106 283
93 17
264 227
206 318
265 244
45 158
116 2
295 101
317 100
51 203
333 78
99 89
83 152
68 325
98 298
316 25
63 266
1 340
209 154
151 130
196 358
251 43
42 67
74 249
200 120
31 263
262 212
121 176
50 251
256 228
303 139
291 166
127 22
115 199
108 32
340 106
337 280
115 269
326 203
22 265
297 311
321 217
153 11
101 342
113 195
146 193
227 25
304 120
72 183
140 161
188 258
228 220
29 177
311 205
145 41
94 216
197 195
186 95
213 309
10 353
136 219
327 262
266 4
47 174
33 144
152 283
269 122
208 58
163 109
289 270
156 243
28 350
202 219
92 84
184 34
236 320
193 63
69 117
94 149
324 173
30 73
147 37
250 303
314 102
269 34
216 318
184 86
347 133
232 218
188 308
281 151
18 45
260 192
164 220
8 166
263 30
82 308
350 47
92 290
332 345
85 190
246 334
325 326
351 107
310 114
262 105
116 185
230 254
7 187
272 306
10 244
267 343
37 352
238 24
108 348
61 201
85 267
167 160
231 29
79 344
80 191
16 300
116 181
134 208
234 318
166 331
120 39
125 172
9 234
323 87
334 250
356 18
302 217
89 320
100 312
162 295
193 300
322 141
3 73
59 8
12 334
346 324
59 90
149 155
309 216
140 195
42 183
313 198
222 278
324 107
126 327
209 278
234 159
295 35
96 162
163 204
69 285
220 15
92 335
206 151
308 282
351 332
59 104
79 15
262 344
133 228
14 262
60 13
46 235
178 175
222 31
70 151
232 266
167 151
161 76
307 79
35 196
18 156
10 272
23 226
296 245
93 304
38 26
345 226
131 69
80 78
25 5
11 165
68 150
306 320
320 79
163 291
175 102
237 232
131 239
115 271
328 158
10 230
184 100
145 253
339 71
311 33
160 342
129 46
241 181
19 315
253 299
204 90
153 340
120 83
77 58
87 121
327 212
207 156
225 191
89 63
156 275
251 84
357 280
272 299
188 185
273 287
71 346
150 93
355 340
275 14
95 264
265 100
341 322
343 118
21 268
209 99
67 246
1 216
123 23
122 211
47 215
12 95
87 212
303 45
304 252
243 111
106 39
271 313
157 81
170 166
146 303
85 218
137 107
309 117
336 244
49 119
132 124
348 124
108 83
27 118
227 138
232 102
7 126
105 240
164 128
160 345
61 345
40 76
2 101
89 58
167 155
287 195
183 241
6 198
315 192
270 127
113 167
117 158
65 183
95 352
19 32
104 17
104 8
160 234
294 273
170 324
314 333
50 223
58 11
92 189
184 147
22 73
201 145
8 112
268 216
317 18
341 313
199 111
343 55
141 312
136 26
205 24
48 166
14 339
171 60
210 109
236 247
115 340
143 317
172 233
280 139
349 355
34 108
118 130
66 17
40 188
299 75
242 181
250 162
35 227
314 290
336 278
263 139
67 98
75 289
99 31
358 37
253 255
126 218
50 190
157 297
274 47
146 108
11 352
127 131
312 169
2 142
341 288
4 69
257 101
139 336
209 283
148 70
322 304
99 279
22 82
261 182
30 272
287 49
197 111
25 350
112 293
140 22
113 81
36 342
54 197
98 329
150 258
211 132
343 275
57 20
322 96
198 302
60 240
109 313
7 208
335 86
288 186
193 93
97 4
164 85
349 29
226 252
64 19
260 301
176 298
342 61
286 352
50 252
238 331
31 282
274 116
52 231
228 18
33 315
217 143
142 113
351 114
94 211
214 102
88 26
142 101
117 23
121 354
180 73
34 198
317 187
260 199
238 262
24 112
298 261
249 284
42 171
292 237
295 350
271 4
114 166
5 306
75 190
173 94
183 218
6 84
41 321
237 34
152 116
144 290
177 355
354 216
40 72
53 59
248 215
347 88
282 332
175 280
169 73
179 291
318 65
145 80
134 94
57 174
77 107
17 260
321 89
294 195
300 297
323 120
325 199
284 335
231 109
135 87
6 259
207 250
277 353
338 121
191 172
353 116
247 129
247 10
200 3
329 238
153 125
49 90
303 254
291 33
221 181
244 219
332 92
334 90
274 98
288 133
312 38
85 44
163 169
154 321
133 305
351 68
228 231
164 20
269 273
56 21
296 140
358 107
78 46
350 76
158 171
43 132
38 316
242 267
202 80
207 59
217 337
244 84
256 195
39 154
281 334
270 320
153 349
157 326
284 209
319 143
250 197
27 184
354 62
298 77
64 103
25 9
15 306
124 21
276 20
173 212
129 140
208 39
35 120
115 270
96 170
12 126
296 88
358 261
297 70
68 213
240 269
7 74
294 81
16 114
163 191
334 119
203 2
190 165
224 146
64 200
339 194
329 229
83 149
353 215
208 330
159 127
51 47
356 27
200 172
100 217
165 269
28 173
67 71
254 12
61 310
290 241
242 314
188 5
65 57
254 227
24 8
91 78
110 96
154 168
268 119
103 172
51 202
326 106
355 322
189 228
205 295
289 62
258 337
212 331
33 133
49 178
346 344
75 223
314 266
103 319
248 303
280 211
55 25
44 35
36 141
198 272
302 7
349 131
194 302
196 31
353 288
292 60
265 332
127 155
358 227
59 175
40 230
271 108
72 356
83 18
115 252
330 31
223 125
163 329
283 286
167 85
78 347
225 307
123 151
2 83
51 242
256 180
229 114
124 81
356 4
7 343
321 99
119 97
221 30
244 239
153 212
30 325
87 261
56 192
287 265
144 3
84 330
108 266
129 275
18 226
315 259
179 256
242 113
40 233
88 253
322 165
42 157
155 186
37 297
170 68
45 184
133 4
249 184
232 234
300 234
138 125
10 11
60 52
219 190
312 185
187 223
27 139
86 263
250 191
320 36
331 257
130 77
70 201
247 157
333 85
6 105
274 317
164 293
321 109
258 135
342 52
3 38
117 238
343 58
306 250
67 218
140 264
96 170
106 344
288 184
32 49
110 169
61 298
290 202
2 11
76 240
252 43
340 221
279 232
61 176
60 155
111 348
55 22
227 160
166 343
237 50
285 40
127 99
159 290
265 118
95 253
216 175
31 358
281 99
38 279
182 238
341 210
272 301
65 168
130 258
324 138
290 288
168 305
277 44
48 143
205 236
229 34
357 245
152 11
6 170
181 222
222 94
204 277
330 225
323 358
147 115
159 302
44 316
278 64
24 339
83 201
12 139
153 135
19 143
240 249
230 158
76 8
62 118
57 219
121 208
134 75
5 171
318 122
284 203
282 179
197 192
256 189
152 225
93 318
116 48
39 4
97 178
191 149
78 175
341 182
261 73
322 299
128 53
148 270
192 25
341 266
295 90
328 249
241 259
131 167
234 297
309 287
80 48
16 101
243 104
207 203
190 63
169 69
121 268
337 104
14 148
27 354
338 28
183 349
7 166
216 127
242 319
71 55
56 73
177 137
336 114
324 209
17 355
244 355
149 139
235 79
129 245
312 148
293 188
214 34
57 349
124 326
82 305
54 229
46 305
2 227
231 198
245 91
84 24
298 316
3 335
334 206
74 285
143 354
268 98
123 18
197 80
147 21
220 174
298 219
165 200
263 188
182 276
172 66
244 90
199 131
327 310
145 194
144 32
197 95
267 174
23 119
51 167
110 112
25 268
320 294
28 315
329 6
287 200
181 351
74 140
147 137
30 205
315 95
144 350
71 15
331 193
327 270
254 221
344 124
201 101
20 33
98 92
312 93
27 291
262 340
49 222
152 13
165 120
159 224
301 348
280 272
246 166
345 324
1 284
47 88
34 203
53 82
217 178
79 340
279 285
263 53
297 140
154 120
75 278
157 153
284 78
104 218
193 278
193 255
191 169
101 123
209 41
274 98
251 82
308 250
133 269
73 142
304 93
270 215
125 212
57 74
326 132
327 273
36 280
253 173
79 115
89 103
313 200
310 102
252 168
146 88
90 62
213 233
198 28
158 29
77 120
114 216
195 43
293 43
209 138
260 188
56 296
158 233
146 149
61 286
100 91
9 230
286 321
318 33
162 337
129 35
42 106
121 237
171 24
130 146
190 85
274 237
310 132
91 218
202 84
42 135
179 238
303 172
136 354
132 356
52 316
277 77
232 156
259 320
267 348
311 306
295 137
96 35
119 181
194 76
150 80
206 303
71 261
110 306
329 96
240 126
161 319
118 26
206 171
38 32
189 174
352 97
301 108
107 267
296 99
90 111
229 57
59 243
109 332
8 101
344 300
187 310
44 31
237 272
250 154
161 186
322 59
210 170
157 159
131 75
330 356
125 319
209 317
58 224
73 292
288 18
40 342
319 203
29 189
201 237
32 223
66 335
207 181
354 328
336 96
249 141
110 304
150 88
14 353
299 118
165 58
121 342
74 39
307 158
305 344
318 323
201 307
59 122
107 159
266 166
112 181
332 22
253 79
7 264
173 348
296 275
124 251
219 123
342 281
336 337
67 193
259 344
147 144
156 88
94 61
9 173
14 284
199 92
87 60
15 245
233 228
276 163
73 339
138 352
153 48
255 162
31 296
37 253
217 16
277 283
201 56
240 305
297 117
182 33
270 47
92 238
287 302
252 290
172 153
37 294
127 166
161 263
113 256
310 99
255 334
68 139
299 174
94 356
29 75
41 269
28 125
168 139
273 345
252 108
27 356
347 240
295 114
316 337
281 163
299 337
4 192
33 155
174 84
164 113
313 78
19 25
192 219
106 187
339 205
294 30
278 142
5 38
133 71
90 9
120 86
232 21
270 155
314 26
155 214
231 130
166 263
294 67
114 187
134 146
184 42
152 97
127 245
104 140
133 23
55 104
51 16
84 42
353 116
78 93
52 176
178 162
352 65
28 253
160 275
83 9
126 301
54 55
202 37
113 112
267 327
264 328
163 89
234 148
192 301
195 120
67 330
236 302
18 82
258 194
61 3
136 124
97 242
244 39
88 137
338 195
259 240
72 287
147 33
207 48
47 322
189 32
169 178
123 89
323 292
310 53
205 250
97 315
262 127
266 189
83 123
235 216
176 80
6 280
26 101
35 281
238 327
237 135
177 225
20 250
111 104
292 289
263 220
152 105
329 349
89 169
215 205
226 213
324 331
45 357
137 183
133 277
8 143
228 303
285 233
208 243
5 279
282 116
75 90
332 275
345 265
221 261
355 196
2 48
321 169
311 242
297 340
204 340
135 333
304 238
100 232
313 304
297 229
22 206
62 2
271 158
63 260
217 49
291 43
181 266
300 152
93 22
131 77
180 24
41 225
40 178
352 234
61 329
358 167
34 290
277 199
264 146
149 138
73 268
305 212
327 5
249 311
302 99
227 330
242 64
328 156
261 68
154 350
180 19
257 167
146 157
172 211
16 23
128 198
101 60
185 147
98 40
323 350
91 249
278 273
188 267
191 86
335 348
228 168
341 339
1 130
8 124
31 78
246 157
288 145
14 290
107 246
343 167
322 326
55 111
336 260
357 320
66 207
286 116
309 168
298 120
258 134
134 50
94 151
18 137
225 60
93 129
161 245
331 47
265 143
83 100
173 84
254 135
6 112
176 172
39 210
165 28
258 145
203 23
259 348
291 340
45 32
274 86
62 130
353 36
291 136
87 41
46 139
273 209
223 357
87 13
230 210
95 191
358 301
156 241
158 287
307 81
313 217
164 85
257 239
100 312
351 91
248 311
159 102
153 190
125 226
70 107
346 66
165 197
350 222
232 257
174 132
2 246
234 162
247 261
1 52
279 308
128 282
215 226
244 103
333 114
331 243
288 175
128 144
278 230
138 235
45 171
10 1
136 218
29 17
230 69
255 235
355 209
267 195
143 345
19 91
270 252
52 12
115 219
11 223
92 247
279 191
42 260
145 200
154 282
68 179
199 76
203 215
306 358
180 300
244 355
233 247
293 335
164 6
144 265
333 119
229 26
325 62
58 329
319 131
284 227
226 340
352 102
194 348
127 64
54 216
112 258
314 250
355 33
79 308
307 262
304 109
158 135
289 105
269 111
132 178
18 331
293 271
231 81
40 34
303 310
283 287
57 110
304 191
260 186
238 81
133 10
144 221
326 17
288 313
151 35
77 37
218 353
161 196
51 351
48 6
351 244
100 250
211 105
16 100
47 51
170 94
209 137
184 168
89 113
299 121
144 251
61 148
93 192
349 261
205 69
138 271
6 54
14 118
77 102
119 333
134 7
96 258
51 93
342 278
261 149
296 138
274 104
248 125
202 183
49 347
308 30
340 328
346 237
344 202
157 38
96 75
338 199
164 142
354 160
358 61
289 337
78 35
84 257
208 63
292 315
310 287
195 134
130 66
83 72
196 74
113 45
305 319
167 352
181 121
146 63
21 41
198 356
212 347
276 243
226 225
261 138
288 114
221 226
238 27
254 35
154 158
80 338
21 193
163 74
314 280
256 358
29 323
42 187
322 188
230 219
246 80
356 278
68 84
101 269
147 264
300 289
162 313
159 205
82 41
182 236
339 146
286 3
160 11
228 81
87 339
266 88
34 119
60 258
167 287
196 99
7 234
113 49
89 347
323 235
172 127
38 8
60 90
203 216
211 168
126 50
257 235
343 183
160 173
189 352
170 290
231 282
283 151
53 306
257 176
292 121
12 311
30 191
215 7
214 171
52 167
231 61
68 301
140 203
123 356
177 136
3 276
344 74
230 176
184 337
216 139
336 110
232 170
279 59
76 64
177 205
108 46
331 290
17 269
237 353
272 190
202 70
20 39
1 290
339 179
237 272
322 142
102 120
31 224
252 325
316 25
244 101
227 199
77 151
266 215
25 87
144 32
106 168
153 336
3 259
273 8
9 188
62 4
260 267
136 173
253 263
90 48
223 250
241 13
128 15
174 242
252 268
110 28
249 149
31 313
56 330
73 246
270 107
40 275
89 165
260 143
268 298
309 143
348 357
185 306
238 255
251 115
330 142
195 68
325 181
1 57
285 322
12 143
179 314
78 124
118 227
20 220
357 266
65 69
324 207
197 39
154 263
215 230
60 284
24 58
72 162
125 203
321 134
116 246
344 284
270 11
127 95
146 97
141 109
11 277
355 156
267 210
26 184
275 291
240 185
188 330
9 96
297 179
71 59
273 201
63 39
116 150
136 307
157 137
351 43
271 255
176 92
274 303
18 315
332 172
254 331
15 174
145 303
340 46
259 69
157 193
317 298
4 278
267 214
217 133
175 291
112 204
99 98
41 15
281 94
185 193
245 84
122 125
207 46
25 100
341 123
2 235
36 91
2 335
166 105
357 247
85 62
133 236
319 109
137 241
275 209
24 318
71 131
256 350
93 17
221 229
348 274
55 88
129 99
36 353
57 180
306 152
132 298
122 58
172 173
48 147
94 71
239 21
156 64
20 97
272 191
222 80
187 90
4 155
273 30
97 58
182 254
291 119
336 174
177 327
45 88
72 59
166 123
307 276
199 251
103 283
147 24
166 118
19 49
308 241
169 337
87 5
158 217
34 294
2 323
209 265
129 206
129 183
86 18
6 8
159 319
236 214
252 50
62 187
263 130
12 130
159 36
259 312
325 292
101 40
295 38
154 200
211 117
22 53
315 162
338 23
217 67
44 156
255 329
320 244
270 355
268 345
302 195
149 256
310 45
54 334
233 122
50 132
358 304
78 182
53 1
9 112
207 116
288 31
181 213
251 189
157 55
274 208
133 109
21 288
26 87
348 41
67 65
121 259
319 203
245 215
176 20
304 191
244 38
310 7
316 231
206 54
93 290
56 136
173 86
310 266
272 245
267 113
261 83
284 226
136 123
342 111
243 3
192 251
347 217
33 317
263 208
311 35
227 269
229 1
160 96
6 83
152 268
355 194
118 265
16 237
75 215
236 53
85 162
262 71
349 157
82 162
48 352
85 144
271 261
70 19
171 1
106 100
346 257
174 143
165 325
87 289
179 131
219 119
61 111
105 63
39 305
187 189
205 211
250 111
348 166
176 141
350 14
133 46
225 204
251 172
341 74
3 74
136 4
184 21
51 29
276 77
216 93
5 307
325 155
121 280
28 294
228 128
206 202
37 165
199 353
164 203
273 316
32 64
81 302
300 354
119 301
16 180
62 184
189 183
24 208
96 321
210 84
275 16
88 23
127 132
110 70
281 229
10 258
205 281
163 348
337 309
5 48
116 291
169 167
199 125
224 122
38 188
66 158
198 66
297 167
35 299
302 146
9 253
212 255
28 172
213 244
235 212
20 99
344 333
123 284
115 239
105 254
134 181
173 324
6 308
229 286
202 277
132 252
326 319
239 200
110 122
334 263
41 59
195 331
298 120
27 297
243 338
1 102
248 230
72 47
335 118
155 228
49 216
261 152
321 150
190 269
29 249
346 153
106 269
55 22
31 328
206 322
305 304
246 271
176 92
308 103
247 11
177 72
171 13
55 354
196 259
60 146
319 161
4 175
17 7
69 139
260 147
307 358
195 317
175 277
167 309
237 94
312 163
130 80
37 103
2 107
354 325
298 76
112 170
168 109
117 353
330 174
339 357
56 12
139 61
356 234
342 326
43 162
53 190
352 195
303 129
214 308
248 219
50 303
122 220
298 201
187 313
115 91
25 340
158 205
159 263
318 283
264 56
343 281
315 127
24 346
101 244
43 116
173 207
10 231
197 207
157 300
336 221
283 258
254 327
10 9
70 87
66 284
154 148
147 330
268 279
96 154
323 283
119 234
170 190
255 106
279 134
71 209
175 322
62 8
306 232
178 172
135 92
219 90
72 4
114 275
285 334
329 193
224 310
252 256
344 242
133 42
271 316
204 121
217 58
11 191
202 296
104 53
311 207
145 326
166 276
32 259
45 342
21 35
44 165
322 89
186 292
60 265
304 222
179 217
30 279
62 146
108 88
142 50
332 295
240 12
14 254
34 201
74 292
49 25
227 153
108 215
76 181
116 243
296 166
220 26
92 48
320 132
6 9
301 296
95 209
37 108
245 88
201 156
15 104
309 297
58 301
187 115
218 155
98 26
307 77
276 179
233 38
101 321
275 199
103 130
110 68
50 302
32 52
170 104
40 323
78 25
52 295
41 163
216 351
80 277
123 171
169 265
154 188
109 289
31 203
101 58
268 73
255 137
178 317
113 210
43 124
287 117
193 323
314 153
248 127
65 2
278 61
357 224
241 352
79 300
333 57
31 152
306 334
249 174
292 85
231 149
80 118
12 117
169 228
7 357
156 204
345 324
330 24
184 126
52 185
77 71
188 18
223 220
105 11
234 252
194 113
78 258
336 2
139 134
194 14
239 344
212 306
333 28
42 130
311 140
151 78
36 227
93 193
181 34
238 8
156 295
303 147
3 76
178 20
353 191
209 5
305 210
49 293
65 8
47 97
249 182
289 42
237 47
60 29
158 282
34 270
324 336
83 138
337 280
115 315
318 163
34 75
354 297
70 351
76 66
352 79
84 242
149 180
106 144
170 182
53 92
315 64
348 87
214 276
210 90
102 301
289 223
293 22
311 1
347 18
39 17
25 324
12 108
263 284
139 332
92 209
83 178
168 37
67 59
154 32
147 319
96 198
222 307
171 7
149 27
19 81
84 21
268 85
192 120
118 274
159 104
42 270
28 253
85 69
256 121
293 340
47 19
269 157
73 161
60 330
117 301
285 164
58 182
292 158
110 228
7 271
44 267
23 158
323 337
51 50
326 330
280 37
320 43
156 98
146 2
179 351
332 141
137 175
127 193
184 341
39 114
253 218
323 14
181 53
189 309
319 348
16 146
228 111
47 236
289 336
177 113
226 174
330 67
257 102
93 36
160 87
214 27
323 147
82 264
39 77
30 176
66 150
326 9
38 132
257 153
211 213
12 263
177 209
129 160
262 355
125 137
124 140
67 283
31 266
88 126
274 92
345 3
225 182
154 227
306 190
329 180
292 20
129 140
314 212
139 281
167 354
252 155
291 51
216 82
106 237
248 316
71 59
296 262
181 231
350 346
138 29
16 131
277 280
313 87
8 346
248 17
2 57
335 138
199 173
272 170
34 124
258 104
202 195
128 10
133 58
78 168
38 65
310 341
33 353
165 161
348 334
335 333
327 305
59 262
192 142
166 255
317 291
176 350
147 279
224 69
128 139
336 232
201 336
358 339
327 247
207 255
188 43
56 197
265 345
217 229
235 243
298 198
279 150
239 248
28 83
343 188
270 24
52 326
295 37
254 226
252 216
243 196
273 179
200 1
357 213
33 244
250 355
100 301
89 218
144 344
63 13
243 114
90 311
318 199
232 305
226 121
34 319
120 66
221 124
131 72
121 259
233 48
15 316
76 191
299 258
308 261
18 265
122 293
48 236
63 53
137 46
264 174
352 206
235 64
3 8
271 69
20 328
123 346
99 345
314 21
332 291
308 199
7 85
68 200
125 331
105 245
19 198
287 259
101 9
131 2
91 105
252 25
358 349
158 253
120 94
110 93
86 62
236 143
311 107
161 89
11 315
357 13
310 8
271 9
132 296
40 194
149 344
202 184
237 306
322 56
269 219
275 135
335 352
263 197
342 173
169 197
237 148
209 286
93 18
23 307
38 4
279 325
282 114
27 97
127 94
213 231
112 342
89 231
134 339
58 12
192 355
65 251
228 186
6 23
314 187
168 150
358 140
102 327
246 122
86 219
119 91
185 181
31 174
294 303
1 172
44 189
340 320
138 206
285 153
238 349
61 110
73 220
135 33
183 49
218 145
289 285
43 29
292 338
153 109
42 95
227 215
259 354
152 47
186 200
129 260
238 42
188 302
128 50
340 146
194 264
183 180
156 86
117 94
162 350
187 303
51 232
342 31
55 46
26 25
183 214
62 227
63 130
127 344
82 234
297 288
84 339
50 208
269 306
201 46
204 261
206 45
337 41
28 356
316 104
230 305
297 205
310 246
235 308
56 261
307 179
20 351
288 173
125 201
76 101
44 303
312 341
117 144
187 103
202 176
304 160
219 240
189 349
296 65
80 132
13 17
216 241
353 96
26 321
21 151
249 288
96 203
54 122
101 300
5 207
170 318
278 184
194 26
64 35
62 154
246 320
16 74
302 88
115 353
255 229
290 265
258 115
186 116
91 73
136 357
29 177
83 105
302 257
270 238
156 106
48 135
88 207
90 3
229 274
44 326
230 112
312 301
211 248
37 139
352 80
199 156
306 202
8 143
125 140
305 77
204 67
27 154
235 68
165 239
258 304
178 107
249 157
302 350
274 247
103 161
171 216
66 160
185 17
339 260
167 291
16 313
231 319
207 322
352 185
33 116
352 27
187 175
70 258
79 127
331 127
32 80
40 190
28 251
358 62
76 109
155 117
236 56
249 335
126 243
201 147
347 275
63 209
284 309
298 228
7 217
328 38
157 279
292 234
7 248
115 319
119 284
346 174
10 247
225 113
127 158
105 4
184 99
102 23
341 301
340 201
332 268
103 112
176 268
63 74
25 283
42 297
12 294
212 34
159 301
43 267
328 273
250 56
86 241
341 51
223 220
19 215
272 217
203 157
222 130
304 18
8 175
194 84
14 7
15 190
123 345
82 57
298 23
181 346
175 260
120 210
336 290
89 158
247 259
200 71
26 332
147 327
257 264
108 253
282 356
266 222
173 172
250 198
37 95
22 199
151 273
257 71
110 142
252 244
350 163
297 103
55 190
6 298
260 342
68 353
135 212
313 75
31 174
62 134
340 29
213 20
311 231
69 144
192 118
171 134
172 12
197 65
310 299
292 121
50 14
36 58
82 36
96 144
4 78
288 170
76 117
112 333
334 170
296 254
274 33
336 281
314 242
43 141
272 152
254 8
185 118
102 138
133 81
214 60
234 3
5 289
94 90
136 220
150 180
195 99
272 120
62 98
167 109
305 80
273 2
327 123
317 226
356 179
215 140
126 193
133 251
138 162
345 2
142 13
9 182
135 122
240 49
193 221
87 232
51 39
12 343
321 288
348 159
60 347
172 302
154 290
275 333
336 88
78 254
177 53
223 99
245 228
353 11
68 281
154 42
33 132
39 104
230 83
304 46
108 18
234 86
326 225
64 340
249 88
91 117
10 65
299 30
351 158
177 165
343 200
255 21
160 174
181 47
191 170
224 275
34 237
324 31
226 353
257 215
140 350
150 179
75 312
243 159
191 131
67 308
130 94
166 149
145 35
116 265
38 277
182 333
274 355
325 203
319 178
86 314
313 57
180 48
183 46
149 332
339 42
256 122
238 240
71 219
205 176
1 297
302 287
267 295
315 181
240 186
213 31
271 20
285 243
85 87
102 206
147 309
126 348
167 337
24 331
276 280
182 222
223 229
30 40
296 314
27 83
120 179
330 270
192 262
231 45
116 270
349 56
252 138
61 47
245 252
338 22
40 303
137 118
228 124
316 13
269 64
201 307
55 106
82 41
270 142
203 88
23 351
289 262
329 278
139 57
37 286
83 261
180 45
232 299
63 165
347 164
129 101
85 55
354 320
111 66
65 320
358 341
101 64
286 100
146 204
318 85
199 217
20 331
67 121
74 1
22 356
139 47
49 238
230 188
212 189
290 312
73 121
255 248
4 143
207 105
349 262
148 135
49 208
60 278
258 122
144 309
34 345
187 339
349 293
328 54
218 155
176 283
51 93
178 145
52 134
192 191
326 337
346 286
114 245
10 320
72 213
187 227
128 130
232 78
276 283
14 18
250 149
344 30
97 2
193 246
153 343
357 74
276 289
296 204
84 36
259 284
169 259
145 150
96 13
133 43
1 177
160 92
38 46
196 292
96 323
348 195
45 59
351 66
278 94
238 281
195 220
76 207
327 168
263 143
267 109
358 171
251 225
233 268
200 337
288 305
87 300
202 39
155 105
75 255
226 202
101 123
84 108
225 4
9 117
290 137
302 356
341 41
131 24
282 122
254 121
121 309
114 178
230 140
204 32
249 65
127 138
240 137
272 89
316 22
66 273
17 329
187 60
323 267
305 50
211 265
256 258
322 188
87 348
212 265
148 150
232 57
166 212
155 80
247 232
48 34
56 196
3 103
88 262
172 262
185 164
19 173
349 190
122 56
337 250
15 303
319 269
288 338
281 135
160 216
334 280
259 35
306 27
304 72
334 38
155 164
353 322
193 79
172 159
26 189
93 47
83 331
276 275
132 189
111 84
124 42
341 234
259 274
75 323
171 233
287 55
223 241
194 344
21 154
47 233
124 91
171 248
328 19
181 62
194 156
184 233
226 146
82 49
27 40
311 305
174 2
135 246
255 80
180 207
54 100
232 20
107 343
25 109
219 337
121 126
12 161
330 145
134 256
105 94
332 283
118 162
263 348
350 330
151 196
166 86
334 28
144 55
228 118
78 262
71 145
139 244
353 247
127 339
193 103
7 288
285 123
290 99
83 246
326 250
150 170
91 139
287 328
345 239
57 265
129 116
88 315
22 15
132 192
135 10
201 168
340 3
351 253
306 124
4 314
143 101
139 40
354 280
169 63
197 162
14 117
99 225
99 314
105 275
289 129
104 56
325 36
267 329
104 253
61 300
114 74
207 119
173 344
294 69
182 353
258 292
22 39
152 205
120 73
199 23
23 189
327 66
80 192
188 329
335 111
125 342
352 27
287 23
28 235
242 175
42 173
143 152
208 267
221 260
345 106
326 222
55 208
141 178
316 133
110 170
225 157
144 242
113 279
94 279
286 312
123 346
168 140
41 58
89 297
337 119
154 68
32 70
238 274
58 2
169 269
128 136
177 332
129 256
100 310
10 224
299 44
310 308
215 212
166 296
88 71
6 306
105 313
196 174
104 170
11 94
190 322
223 176
92 333
60 326
251 48
186 271
201 341
314 102
60 180
114 106
5 210
144 8
73 167
25 320
296 231
64 125
330 355
199 79
258 252
249 331
46 199
59 120
101 79
309 82
208 52
190 118
13 266
103 161
54 188
49 191
336 108
194 273
223 136
284 112
279 273
332 171
339 137
24 206
14 146
168 270
272 301
213 245
289 85
269 164
167 202
117 290
288 266
226 268
252 132
218 91
220 40
246 236
9 261
263 30
21 53
84 336
77 25
44 62
76 177
10 153
296 211
29 186
241 217
42 152
29 356
142 146
184 7
237 247
358 14
204 355
54 357
112 72
298 340
263 136
243 206
127 41
355 186
58 206
345 3
43 107
211 81
311 147
210 245
242 33
234 37
161 112
150 272
92 17
162 57
183 174
43 343
21 318
320 92
33 323
203 192
165 106
200 245
318 48
275 204
230 201
163 119
113 61
154 259
140 82
307 101
180 1
158 100
72 193
293 155
84 343
83 43
61 295
229 29
96 167
145 291
47 115
184 93
156 342
156 125
200 346
325 122
280 325
336 8
342 179
123 210
253 312
195 252
257 295
89 312
19 13
248 177
7 13
348 66
18 200
8 260
318 31
209 143
339 227
120 49
347 126
172 356
294 126
178 62
73 198
260 358
226 316
33 346
96 305
331 95
277 109
93 90
216 251
310 109
67 266
207 4
248 98
169 289
113 278
2 97
44 340
264 358
111 15
241 344
28 24
149 250
45 320
96 16
294 311
224 249
317 328
295 32
324 17
321 230
107 130
214 224
51 71
234 9
309 251
216 274
109 154
292 200
174 118
67 123
93 186
163 25
68 71
182 281
57 54
38 81
93 118
326 114
216 210
16 139
76 116
13 278
10 319
201 315
286 288
228 270
302 10
171 79
207 254
74 106
32 304
157 264
53 9
142 73
320 72
265 204
102 318
202 231
322 85
15 79
117 349
138 130
4 351
20 119
4 139
297 335
250 125
278 252
202 98
9 121
136 98
160 274
207 256
153 104
260 352
165 228
91 184
47 275
268 189
255 349
199 150
281 279
80 59
285 117
84 239
165 107
116 180
39 329
202 272
316 64
182 205
215 30
334 256
108 29
11 344
144 36
179 338
133 75
339 94
27 222
238 335
31 350
35 315
313 248
240 2
318 340
285 159
293 267
131 6
244 143
299 282
49 100
214 184
292 268
146 177
201 87
330 345
307 162
3 176
51 194
301 354
129 303
142 319
269 86
145 66
326 73
194 330
218 206
46 305
20 22
346 244
22 94
178 258
206 295
60 309
354 314
237 246
45 314
14 294
106 356
161 215
124 313
331 291
60 247
260 258
341 264
96 245
358 271
253 298
175 154
175 249
109 118
310 166
158 90
76 23
274 224
130 67
23 339
134 334
114 168
316 309
193 13
63 17
111 307
125 277
20 273
157 289
140 158
4 93
97 274
162 280
327 196
1 146
218 112
346 59
244 224
108 261
219 57
313 155
301 156
113 308
41 99
45 188
104 34
326 199
154 221
81 200
181 171
209 211
173 311
157 205
170 35
58 335
218 12
40 101
39 97
153 278
212 68
71 336
343 164
169 122
104 13
50 160
177 54
195 238
81 68
133 32
304 150
290 299
280 110
342 177
346 284
262 215
60 316
282 121
353 78
58 172
223 254
15 198
358 343
299 184
321 119
62 344
287 203
227 323
356 45
345 158
160 78
39 71
310 129
114 304
255 331
311 38
16 322
69 126
59 263
31 6
259 88
229 277
210 275
144 22
63 14
65 302
347 133
265 306
32 307
155 48
206 41
240 28
14 73
82 27
63 135
352 338
43 242
260 105
280 344
112 7
285 146
33 109
337 249
129 101
293 266
253 179
84 12
76 117
10 82
309 149
236 192
25 239
276 347
230 200
250 9
139 208
151 204
294 339
269 263
281 135
220 279
289 155
256 179
284 130
204 132
263 226
150 232
272 137
141 132
25 12
142 164
83 54
115 11
27 302
89 36
80 187
98 318
173 217
161 332
128 224
291 42
132 357
234 250
213 282
203 269
145 240
331 333
268 19
88 324
36 320
43 113
330 148
355 91
29 257
345 251
230 140
8 229
317 284
79 225
229 227
238 107
94 191
175 272
197 84
125 171
57 349
194 209
91 77
253 191
205 185
3 121
112 324
310 165
199 312
196 277
266 55
127 24
127 279
235 26
80 203
137 296
258 149
237 264
141 241
338 69
239 283
106 70
29 119
35 228
183 314
108 293
249 6
237 127
149 352
144 147
116 210
166 176
347 11
122 311
355 15
34 259
19 209
275 96
300 230
122 173
192 41
161 3
319 233
190 176
328 262
120 16
34 46
70 301
235 254
192 46
137 343
135 164
286 294
102 95
320 43
291 265
102 358
145 227
140 37
56 70
191 153
262 101
82 315
322 31
96 38
255 141
88 152
162 243
67 78
100 286
69 100
292 167
107 52
325 2
103 182
5 324
2 196
355 61
354 92
207 21
23 97
113 266
334 235
44 166
348 259
58 201
18 19
289 124
356 124
