5 38 40
20 22
11 20
21 17
31 21
8 25
33 17
15 1
20 12
36 16
24 17
12 9
29 18
10 24
22 34
35 13
7 34
15 28
35 4
23 38
18 3
36 32
6 2
5 19
10 29
8 18
12 1
27 10
21 8
29 14
22 13
36 5
28 34
32 24
32 13
30 6
23 5
26 1
37 15
6 28
35 23
9 27
21 38
2 28
25 32
35 13
18 16
36 4
24 28
28 26
13 14
22 5
4 1
14 10
34 37
19 3
26 11
20 24
13 8
4 23
27 11
37 38
17 20
30 33
38 22
24 15
31 19
30 6
6 7
29 17
19 26
30 8
25 6
18 14
1 20
12 36
25 18
27 17
1 37
36 22
8 11
15 28
12 25
27 5
12 35
18 32
8 10
4 23
36 2
6 31
13 6
38 18
32 30
21 10
2 14
27 34
21 22
23 19
16 20
33 26
17 27
32 7
24 17
7 25
26 16
21 26
17 18
10 36
24 12
25 37
11 3
4 24
9 29
6 29
31 4
28 29
36 7
31 1
16 2
3 23
3 28
4 3
8 29
6 33
1 11
5 3
19 2
10 27
38 1
26 25
31 9
23 13
4 28
2 9
14 12
6 25
18 21
13 33
29 11
15 21
15 27
12 31
25 4
8 27
16 33
24 36
20 12
30 9
37 21
7 13
15 17
22 11
35 18
8 6
32 22
34 7
29 18
22 31
2 36
3 7
1 36
5 21
7 10
16 6
23 32
38 36
16 31
34 3
10 32
13 24
27 2
13 11
8 21
38 20
34 14
22 8
3 15
30 7
23 4
2 37
34 12
35 8
9 14
29 21
35 18
24 30
16 28
33 37
38 13
26 32
5 14
2 10
5 19
17 24
3 35
37 18
28 18
28 23
30 1
25 36
7 36
