6 60 63
59 48
17 55
18 10
9 48
32 48
24 5
52 60
43 5
7 44
11 4
49 16
26 31
27 46
13 51
1 5
20 31
7 46
56 12
57 41
31 21
39 42
30 43
12 41
24 16
6 3
3 36
43 35
22 53
26 51
52 46
50 49
53 17
50 23
50 30
20 37
4 34
55 25
38 36
3 15
29 53
4 40
51 10
9 2
19 17
36 55
60 20
41 7
42 9
16 60
33 6
28 30
11 52
40 12
8 26
37 59
22 49
45 40
11 54
14 59
24 58
47 37
42 10
6 22
52 51
50 38
45 14
34 47
32 52
26 10
19 9
37 55
39 47
32 9
60 50
1 17
23 19
41 33
36 53
2 54
56 6
19 60
45 3
31 17
9 40
33 5
3 46
54 58
52 38
13 35
10 53
31 27
39 22
29 31
11 18
5 59
24 38
18 33
50 8
2 15
4 44
17 21
44 27
5 28
30 28
3 57
46 37
44 46
4 11
55 56
35 6
37 16
43 11
7 32
10 21
20 56
21 49
4 24
25 18
39 2
45 35
47 27
53 54
12 6
24 28
42 60
55 48
4 45
58 3
56 21
38 40
25 48
13 21
42 41
57 33
28 13
40 27
52 40
37 56
50 12
7 58
8 22
8 31
10 32
24 57
47 59
32 55
9 24
55 29
42 50
36 25
32 37
1 41
19 54
17 28
57 47
43 22
18 26
34 38
9 31
15 56
35 29
13 6
3 51
52 3
60 48
19 24
31 7
53 7
60 39
50 2
15 45
25 28
49 5
29 45
58 30
48 46
8 11
14 52
9 37
38 18
20 2
15 23
18 22
16 42
55 44
2 47
49 60
49 21
19 41
11 43
39 52
2 32
45 59
35 31
18 55
28 48
16 41
31 45
44 26
43 19
13 33
6 20
5 2
24 53
24 9
28 44
49 27
31 33
7 54
55 20
52 13
25 22
40 14
9 12
26 50
46 1
50 1
26 52
4 47
21 44
1 30
55 39
8 15
36 42
13 43
58 34
39 25
40 45
17 58
33 38
6 24
18 3
11 23
42 28
41 25
30 10
10 42
50 29
27 40
37 10
47 18
5 8
5 56
9 8
30 60
34 27
41 7
47 7
11 58
2 20
57 6
51 34
39 55
20 7
36 58
36 41
31 9
2 24
57 23
23 37
14 2
10 33
8 48
8 7
12 33
15 59
52 25
47 59
21 19
3 30
10 54
59 46
38 35
32 28
56 17
29 52
7 29
4 45
26 38
56 57
15 37
60 22
27 35
21 40
50 46
57 21
26 37
30 4
25 46
14 32
43 30
53 3
36 39
2 23
19 60
17 9
56 13
11 52
60 9
3 24
39 10
49 4
49 32
16 29
58 35
34 19
1 14
38 33
44 24
25 18
26 8
6 49
15 5
51 58
42 17
39 36
40 31
27 38
6 24
31 22
57 19
32 16
54 43
51 4
42 24
1 15
6 3
60 21
38 26
39 56
36 2
25 5
53 25
25 44
7 17
31 58
26 59
43 58
41 48
14 47
44 23
39 37
15 36
8 32
46 40
3 11
14 32
47 52
4 42
16 13
9 52
8 56
14 18
29 42
20 4
47 12
43 48
58 35
38 10
45 53
30 24
8 20
6 50
16 27
33 3
11 49
60 55
7 57
56 28
11 20
52 26
27 34
15 53
21 28
7 28
40 21
44 57
48 60
