4 8 2 1 3 7 10 5 9 6
4 9 1 3 10 2 7 6 8 5
7 4 1 3 2 5 6 8 9 10
1 6 3 9 7 5 10 2 8 4
10 3 2 9 8 7 4 6 1 5
5 8 10 9 6 4 3 7 1 2
2 4 6 3 8 1 5 10 7 9
7 6 10 3 2 5 8 9 1 4
9 5 6 1 10 2 7 4 8 3
9 5 10 1 8 2 6 7 3 4
8 5 7 6 10 9 4 2 1 3
3 5 4 7 10 8 2 9 6 1
5 1 9 4 8 6 3 7 2 10
3 10 7 4 9 1 6 8 2 5
10 9 8 4 3 2 6 1 7 5
5 10 2 7 4 6 1 3 8 9
7 10 1 3 9 8 4 6 5 2
7 10 9 3 1 2 6 4 8 5
2 8 10 4 7 3 6 5 1 9
9 2 5 6 10 7 3 1 4 8
3 6 4 2 9 1 7 8 10 5
7 6 3 2 9 5 10 8 4 1
10 5 9 4 8 1 2 7 6 3
4 10 2 7 5 8 9 6 3 1
5 7 1 2 3 4 8 9 10 6
8 6 7 3 10 4 1 9 2 5
1 2 10 3 4 6 9 7 8 5
7 4 3 6 1 5 8 9 10 2
10 8 5 6 3 4 2 7 9 1
