3 8 4 10 9 6 5 2 1 7
9 1 7 8 5 3 2 4 10 6
3 2 7 6 10 1 9 4 5 8
2 1 5 9 10 4 3 6 7 8
7 6 3 10 9 1 4 5 2 8
3 9 8 2 5 7 10 6 4 1
4 8 6 1 5 10 9 2 3 7
4 5 7 3 9 1 10 2 6 8
7 8 4 6 9 5 3 2 10 1
5 10 1 6 3 2 8 7 4 9
5 3 9 1 4 7 8 2 10 6
4 3 2 7 9 1 8 5 10 6
8 10 5 6 3 1 7 4 2 9
4 6 7 3 2 8 5 10 9 1
8 5 3 7 1 6 9 2 4 10
10 1 8 4 2 3 7 9 5 6
2 6 1 8 3 5 4 10 9 7
10 9 6 7 8 3 2 1 5 4
8 10 5 6 1 3 4 9 7 2
1 8 10 5 9 4 7 2 6 3
9 8 10 4 5 2 6 3 1 7
3 6 7 5 8 1 9 4 10 2
5 6 8 10 4 7 2 9 1 3
5 1 2 9 3 7 10 6 4 8
7 4 2 5 3 1 6 10 8 9
2 3 5 9 1 4 8 7 6 10
9 5 1 3 7 2 8 4 6 10
8 6 10 7 9 4 5 3 2 1
9 5 1 4 7 10 2 8 6 3