8 7 3 2 10 6 5 1 4 9
4 6 7 3 8 9 1 10 5 2
9 7 8 5 1 6 3 4 2 10
6 10 4 3 5 7 8 1 9 2
10 2 5 9 7 1 4 6 8 3
5 10 2 6 9 3 7 8 4 1
10 4 8 5 7 6 2 1 3 9
2 10 6 7 5 9 8 4 1 3
2 6 1 7 5 4 3 10 8 9
3 1 8 7 6 10 5 4 9 2
8 9 4 1 10 5 2 3 6 7
10 5 8 9 7 1 4 2 6 3
10 2 5 7 3 8 1 4 6 9
5 8 2 6 3 10 7 9 4 1
9 2 1 5 4 10 3 7 6 8
10 1 5 7 3 4 2 8 6 9
6 1 4 5 9 2 7 3 10 8
7 6 1 8 2 4 5 9 10 3
1 3 6 10 7 8 2 9 4 5
1 2 7 9 8 3 6 4 5 10
8 6 2 5 9 4 3 10 1 7
4 9 3 6 8 10 7 2 1 5
9 3 10 7 8 2 4 5 6 1
4 1 8 5 7 9 10 2 6 3
10 2 7 6 9 3 8 1 5 4
4 5 10 6 9 7 2 8 1 3
6 2 10 1 3 9 8 7 5 4
7 6 4 5 8 3 9 1 10 2
4 10 6 3 5 1 2 8 9 7
1 4 9 7 5 3 6 8 10 2
4 8 3 6 7 5 2 9 1 10
9 4 6 5 1 8 3 10 7 2
10 3 7 9 1 5 6 2 4 8
6 10 8 3 9 4 2 5 1 7
7 1 10 5 3 2 6 4 9 8
10 3 2 4 8 1 5 7 6 9
6 10 3 7 1 8 9 5 4 2
6 7 1 9 4 3 8 10 2 5
6 9 8 4 3 1 5 7 10 2
1 2 5 3 8 7 6 9 10 4
3 2 4 8 5 7 6 9 10 1
8 4 2 9 5 7 6 10 1 3
10 2 4 8 5 3 7 9 1 6
7 2 5 9 10 1 4 8 6 3
5 2 1 6 8 3 10 9 4 7
7 2 5 10 1 8 6 9 3 4
6 8 3 5 10 7 1 9 2 4
4 10 6 1 8 9 3 7 5 2
10 4 2 8 5 9 3 6 7 1