31 35 15 84
1 26 16
3 6 15
6 16 22
9 2 9
14 4 7
15 23 20
17 1 14
17 4 8
17 9 11
17 28 5
19 23 10
22 11 18
23 15 21
30 18 6
30 30 12
30 24 23 30
31 1 28 2
11 24 11 27
7 29 8 34
6 26 12 29
1 22 6 25
19 11 25 13
9 30 9 35
14 5 17 6
25 4 25 9
11 4 14 6
8 1 14 7
24 6 29 13
24 26 27 27
26 26 30 30
26 5 28 6
23 34 30 31
6 3 6 10
29 35 29 31
21 34 23 27
24 1 27 8
31 26 24 28
18 35 18 27
13 13 20 18
12 1 19 4
28 20 29 22
27 35 20 28
5 5 11 10
29 19 24 23
23 10 27 11
6 29 13 34
27 24 28 30
11 22 15 29
17 22 18 24
2 7 5 9
28 23 28 28
29 28 31 32
21 26 27 31
16 3 19 3
7 4 12 6
23 17 30 22
15 9 15 14
22 27 22 35
7 26 7 32
21 28 25 32
19 12 26 15
13 9 14 12
4 2 4 5
22 33 23 35
28 7 24 14
28 19 24 19
22 30 24 24
3 20 6 21
18 5 23 7
12 28 18 31
5 20 10 25
4 10 7 17
28 4 21 11
26 7 19 8
29 1 31 7
12 18 17 18
5 2 8 9
5 31 11 25
11 17 14 21
21 30 24 30
13 26 15 32
9 28 16 31
7 8 10 9
14 3 21 6
20 32 22 26
18 8 20 8
10 10 12 13
21 20 25 26
2 29 5 33
4 25 7 27
7 10 14 14
23 23 24 25
30 12 30 16
22 19 26 20
8 13 9 14
1 1 7 5
30 25 27 29
30 20 25 22
7 34 8 31
