105 133 110 133
1 110 136
2 103 134
2 122 96
7 100 133
8 10 109
8 49 140
8 67 57
8 93 160
10 53 6
11 5 64
14 132 66
15 38 21
16 31 73
16 51 30
16 55 2
17 118 148
19 22 5
19 109 42
19 123 123
20 11 114
20 84 35
21 14 98
21 30 122
21 45 112
21 119 132
22 30 22
25 112 74
27 106 17
29 101 127
30 48 88
31 88 65
32 95 32
33 66 106
33 111 69
34 51 144
37 17 115
39 39 25
40 116 85
42 4 141
43 66 43
44 46 37
44 118 79
45 1 94
45 88 78
45 104 45
46 12 86
46 34 59
46 76 143
51 101 108
52 14 68
52 112 93
52 121 84
53 22 145
53 28 100
53 74 81
53 79 113
54 119 55
55 131 4
56 37 53
57 124 119
59 73 3
60 117 129
63 64 110
63 90 155
63 95 51
63 129 154
64 53 162
64 116 102
65 28 11
65 73 89
65 128 95
72 85 130
73 87 103
74 42 23
75 27 44
75 56 125
76 45 41
78 91 121
81 9 16
81 24 137
82 133 91
83 1 56
83 2 147
83 59 149
84 12 128
84 20 52
84 104 7
85 35 107
86 1 29
86 81 71
89 41 12
91 8 76
91 72 80
91 100 83
92 7 146
92 28 142
93 79 75
93 117 77
94 81 126
95 99 157
96 38 46
100 104 131
100 108 70
101 68 99
101 97 156
102 17 49
103 123 138
104 23 67
104 55 163
105 22 19
38 92 39 93
33 115 34 116
40 18 41 19
19 54 20 55
55 55 56 56
82 123 83 124
19 1 20 2
46 20 46 22
37 63 37 65
88 109 89 110
57 79 58 80
20 102 21 103
11 131 11 133
102 61 103 62
77 32 78 33
100 39 101 40
62 106 63 107
78 116 79 117
75 46 76 47
17 57 17 59
89 107 90 108
56 38 57 39
104 109 104 111
104 79 105 80
74 37 75 38
3 16 3 18
49 16 50 17
94 32 95 33
90 88 91 89
97 73 97 75
71 127 71 129
75 121 75 123
76 9 76 11
53 33 53 35
84 82 85 83
15 29 15 31
88 67 88 69
40 125 40 127
86 16 87 17
33 29 33 31
37 113 37 115
74 54 75 55
62 89 62 91
28 15 28 17
48 52 48 54
85 73 85 75
50 61 50 63
30 127 30 129
103 27 103 29
78 39 79 40
17 30 17 32
43 127 43 129
69 22 70 23
92 100 92 102
52 9 52 11
17 122 18 123
33 88 33 90
66 51 66 53
79 5 79 7
42 27 43 28
98 43 98 45
23 56 24 57
79 101 79 103
10 99 11 100
43 113 43 115
101 44 102 45
80 80 81 81
69 76 69 78
103 113 104 114
96 16 96 18
87 49 87 51
7 76 7 78
97 3 97 5
77 8 77 10
98 86 99 87
15 77 15 79
65 116 65 118
16 62 16 64
30 93 30 95
47 50 47 52
68 57 69 58
37 90 37 92
94 108 95 109
105 25 104 26
65 5 65 7
90 44 90 46
97 58 97 60
72 88 72 90
3 2 3 4
61 45 61 47
75 22 76 23
48 130 49 131
75 17 76 18
42 127 42 129
43 52 43 54
55 119 56 120
4 76 5 77
71 57 71 59
48 94 49 95
46 79 47 80
25 15 25 17
41 100 42 101
21 41 21 43
75 87 75 89
78 128 78 130
74 19 74 21
39 126 39 128
39 103 40 104
99 91 99 93
68 54 69 55
72 50 72 52
3 125 3 127
64 119 65 120
37 78 38 79
68 75 68 77
50 2 50 4
12 106 12 108
37 110 38 111
69 34 69 36
56 11 57 12
90 115 91 116
56 68 57 69
20 33 21 34
93 81 94 82
19 60 20 61
25 87 25 89
38 37 38 39
81 4 82 5
82 127 83 128
64 112 65 113
50 47 51 48
70 36 71 37
32 19 32 21
