1570 30 55 293
18 14 51
23 23 37
74 19 11
82 7 25
88 28 38
90 20 58
93 6 73
93 29 35
104 18 8
144 27 1
184 9 28
210 13 47
222 3 42
222 30 14
256 26 23
300 22 33
336 23 40
433 6 44
485 24 21
492 9 19
520 2 62
521 5 17
528 14 5
556 25 70
660 2 67
704 13 18
709 15 54
768 24 9
802 9 7
851 6 63
894 11 6
895 1 41
922 10 16
937 23 39
1003 7 29
1044 15 49
1047 3 69
1090 25 48
1102 9 22
1127 7 66
1163 26 46
1185 16 50
1194 14 68
1201 22 55
1211 7 3
1298 12 71
1304 3 56
1341 3 27
1354 3 64
1377 2 36
1427 25 10
1438 29 26
1442 21 32
1526 25 15
1529 19 52
112 6 114 14
1433 16 1443 26
1472 30 1476 22
1223 22 1226 12
1066 19 1071 29
133 4 141 8
53 25 58 15
1426 5 1436 5
1403 17 1411 22
313 19 318 23
79 25 89 30
516 23 522 23
530 20 531 28
1470 4 1474 4
98 2 104 12
241 7 246 9
1340 29 1349 23
1013 29 1020 25
968 9 971 18
1540 6 1544 16
1369 4 1375 5
1133 28 1133 18
26 1 34 6
1035 20 1043 20
1446 4 1455 4
321 17 322 24
1233 16 1236 22
119 8 123 17
663 3 668 13
341 21 342 22
559 8 562 11
1530 12 1534 12
840 13 840 24
1342 17 1350 17
31 30 38 27
65 29 74 21
516 19 526 25
1144 18 1146 24
250 21 256 11
65 21 70 25
738 4 746 14
676 16 685 16
1447 3 1454 10
518 8 520 10
135 27 142 28
861 15 868 22
468 7 468 11
1228 16 1231 16
478 17 483 25
1362 13 1363 19
1036 30 1044 22
1336 6 1342 15
299 28 301 30
197 13 202 23
1565 22 1557 28
687 30 687 22
619 30 623 26
179 15 189 18
1047 14 1056 17
1527 15 1527 22
584 21 588 11
1034 21 1036 25
1529 20 1539 29
474 6 482 15
641 27 648 18
1011 8 1020 11
467 25 474 25
204 8 212 17
680 9 681 10
662 2 669 2
401 10 401 12
268 21 278 29
890 29 893 20
519 11 519 22
1040 10 1045 20
40 8 42 14
1133 29 1141 20
800 22 800 28
643 28 651 28
222 5 226 11
255 11 263 14
219 27 228 19
576 18 586 22
402 15 411 17
4 22 14 28
177 30 181 25
669 30 670 28
397 29 398 19
1485 11 1495 21
302 4 304 11
990 10 999 12
108 19 111 23
913 15 922 19
164 25 165 17
649 24 655 25
1404 11 1406 18
717 19 723 19
866 10 874 13
1536 6 1541 9
1239 26 1240 16
1216 25 1217 15
231 7 231 14
204 12 212 14
910 17 913 19
186 22 187 23
556 18 559 26
948 28 956 22
241 21 246 26
872 24 879 16
981 19 988 27
101 29 106 26
335 2 343 10
406 18 408 19
273 14 281 23
933 25 942 27
639 9 646 10
1371 17 1375 24
831 16 840 21
844 30 844 28
255 22 258 26
405 9 414 16
518 25 526 16
970 12 976 18
812 22 812 11
1156 18 1162 28
493 13 501 13
308 15 308 20
1049 23 1057 23
170 3 172 9
1060 16 1065 19
400 12 409 20
1007 7 1012 10
386 7 387 11
109 10 117 12
73 14 79 23
365 16 369 21
1260 14 1260 16
792 17 798 26
1447 8 1454 11
389 15 393 17
1022 17 1023 26
1515 9 1520 19
1460 20 1462 30
280 21 290 11
906 5 913 13
1556 7 1565 16
846 30 854 26
144 23 152 30
1178 24 1186 17
310 14 320 22
683 10 693 15
546 10 554 17
981 12 989 18
1404 27 1406 27
759 14 767 24
861 3 863 13
1297 30 1302 21
1003 27 1005 27
70 29 78 21
460 2 462 10
522 9 526 14
72 21 77 25
442 21 449 21
904 20 913 29
157 20 164 23
1340 14 1349 15
244 11 247 13
1493 25 1499 25
1455 15 1455 26
151 20 158 29
1002 11 1007 11
579 11 582 11
1310 15 1311 18
1279 13 1280 19
683 6 692 8
129 25 133 25
1465 26 1469 18
56 9 60 16
554 16 559 24
1351 4 1351 11
333 16 335 19
1320 2 1324 8
174 4 179 10
1456 2 1460 11
416 18 419 28
314 15 314 18
1327 17 1330 18
1308 14 1308 19
241 11 248 14
265 22 266 28
757 27 761 17
270 8 278 16
143 8 147 11
662 20 663 30
618 9 625 17
1390 8 1391 12
881 16 891 25
402 24 405 28
1301 9 1305 9
674 20 681 28
1537 10 1542 10
853 17 853 27
698 12 705 15
1569 3 1565 13
326 12 327 21
808 10 811 16
614 9 615 16
1132 14 1133 20
195 17 197 26
939 11 943 13
1152 18 1155 18
1333 24 1338 17
1559 13 1567 17
571 15 580 22
455 5 459 13
501 8 507 12
1386 9 1394 19
1003 14 1004 24
285 23 287 14
398 3 405 10
1390 25 1396 17
167 4 175 5
894 23 896 15
825 12 831 14
1287 22 1289 24
988 20 993 22
1308 20 1308 28
233 23 235 13
512 30 512 27
312 1 320 6
163 3 172 10
944 25 949 18
5 19 5 24
396 4 406 11
442 23 450 14
23 12 26 13
1473 9 1483 16
736 26 742 17
974 2 976 9
1563 14 1553 15
160 4 165 8
1350 24 1356 16
1179 22 1183 24
37 2 44 11
1352 6 1357 14
631 7 640 11
549 25 559 25
1166 17 1175 25
974 16 980 20
725 14 730 15
766 3 768 3
301 14 305 19
179 8 179 18
371 12 373 13
1034 18 1044 24
27 19 34 23
1383 29 1393 25
1134 9 1142 16
791 27 796 18
1083 10 1090 10
733 20 737 24
1225 3 1225 7
935 12 940 22
1503 2 1508 4
895 23 903 30
859 18 867 21
1029 18 1030 22
149 25 154 29
1273 4 1273 7
1189 25 1189 17
1185 15 1187 15
694 29 701 19
362 2 362 6
264 20 271 20
403 2 404 4
1119 11 1120 17
1166 21 1173 24
1362 23 1366 15
802 19 811 25
1206 25 1214 25
1525 9 1530 9
1248 3 1254 12
630 21 639 11
607 14 610 18
1295 24 1303 26
1214 7 1216 17
78 5 78 15
62 6 64 7
287 11 296 11
934 8 934 13
1143 3 1144 5
322 28 323 22
95 5 96 6
