380 257 150 960
1 91 34
8 175 153
11 148 108
12 39 70
21 257 94
23 189 115
29 94 111
30 239 28
30 253 159
34 138 30
34 179 173
35 3 74
37 198 189
37 232 136
38 28 63
41 110 22
41 210 166
43 128 84
44 96 69
46 117 124
46 199 169
49 250 2
53 125 17
57 204 7
61 37 134
61 188 38
69 189 184
71 9 37
71 162 14
75 91 53
77 197 119
80 10 25
83 165 78
85 47 3
88 68 97
89 76 118
93 112 168
97 161 172
98 246 177
102 26 131
103 187 40
103 237 71
105 254 146
107 50 66
114 121 178
117 188 93
121 54 125
123 3 23
123 33 5
125 81 138
134 28 104
135 170 21
139 34 167
139 50 143
139 78 129
141 150 163
146 29 116
148 167 109
150 176 55
151 205 139
152 121 114
153 68 44
154 50 90
155 58 36
156 141 130
158 14 72
160 198 89
161 1 31
163 33 128
164 156 51
170 32 149
170 189 160
178 1 45
180 221 187
181 42 57
182 168 122
183 11 24
184 197 68
190 37 123
193 16 87
194 189 100
201 246 110
202 62 48
204 228 11
205 37 165
205 64 4
206 23 26
208 107 9
208 147 6
210 25 106
212 7 113
212 50 20
212 212 99
213 101 126
228 243 79
233 198 151
234 237 127
236 189 181
237 54 65
241 96 133
249 49 145
249 166 18
255 45 10
258 12 180
263 131 179
265 36 35
266 62 27
267 87 86
270 59 13
283 202 105
285 179 120
288 145 158
294 66 67
296 83 155
298 221 147
300 45 41
311 26 148
311 226 15
317 93 182
319 78 83
319 231 186
320 92 161
321 152 76
322 106 156
323 2 75
323 211 144
324 49 8
324 137 140
326 98 135
327 139 62
327 177 102
330 213 52
333 40 1
333 87 50
337 75 117
338 56 174
339 82 95
339 117 112
339 150 64
339 209 157
340 182 98
343 57 49
345 124 137
358 83 80
359 141 101
364 219 152
370 99 16
376 52 190
376 147 59
376 249 154
240 143 241 155
112 93 112 106
98 110 102 120
294 81 305 85
25 77 26 84
55 200 69 211
137 129 149 140
1 230 1 240
156 46 170 54
26 228 40 242
114 20 125 31
313 2 322 2
200 228 200 239
16 69 30 81
321 127 327 132
321 218 324 225
326 244 336 248
76 252 80 240
170 253 181 247
187 100 197 106
228 63 237 67
74 96 77 107
378 24 375 29
262 21 267 26
375 187 367 192
101 176 103 176
307 203 319 203
350 126 352 134
26 193 26 203
141 217 148 226
222 247 226 248
302 194 311 202
331 95 341 102
133 77 146 85
50 184 61 195
132 47 143 59
134 4 148 9
94 56 106 68
159 11 166 12
356 101 358 108
352 249 353 251
40 226 44 232
310 81 322 85
151 91 161 100
222 33 225 34
268 109 282 117
96 113 107 126
305 60 310 62
62 148 71 159
318 105 326 106
369 213 357 213
167 134 179 144
8 5 16 7
328 147 338 160
218 95 218 108
64 60 71 68
170 188 180 191
144 14 152 19
234 206 242 206
191 110 202 122
21 224 31 233
102 179 112 187
307 235 318 237
302 148 312 158
126 123 135 136
378 252 367 255
281 201 295 206
308 65 316 76
298 87 301 94
281 116 295 126
81 158 81 173
91 129 99 135
316 187 326 193
100 233 107 242
258 199 263 202
10 4 24 14
238 124 248 138
54 128 58 137
290 184 296 189
238 194 249 207
151 45 152 55
113 187 120 199
113 179 126 185
108 248 114 237
233 24 238 33
164 71 170 78
68 68 80 73
308 218 313 222
83 132 91 137
294 99 298 102
218 147 223 151
87 178 95 180
375 64 366 74
140 242 151 243
98 89 111 100
297 113 298 125
308 58 316 60
138 77 147 86
310 60 310 67
366 180 369 183
72 198 74 201
270 178 281 185
12 47 25 53
361 138 362 152
70 171 82 176
226 11 230 15
312 67 312 72
158 173 170 178
77 96 77 99
62 195 71 208
83 92 89 102
259 74 264 81
2 59 2 65
24 239 37 239
107 63 119 74
88 72 98 81
29 237 37 237
271 169 283 172
319 208 320 210
282 190 284 202
62 100 69 107
25 249 34 253
3 250 14 256
334 243 347 248
108 24 115 38
299 159 307 162
256 210 267 217
165 76 165 83
234 96 245 109
31 191 33 201
365 234 371 247
286 68 292 72
143 97 148 104
261 66 265 73
283 137 295 146
152 59 165 66
296 161 307 169
278 253 285 248
278 244 289 230
312 90 322 103
218 71 220 78
293 241 303 249
255 255 259 242
306 26 309 33
137 84 140 95
197 185 207 185
210 165 215 175
36 88 44 99
49 93 57 97
333 78 339 92
233 175 245 175
212 167 223 173
176 205 186 214
17 118 25 118
370 199 379 199
321 152 330 153
108 134 108 139
82 227 92 237
267 214 270 223
210 243 224 257
121 168 128 176
294 120 301 133
184 81 196 92
108 186 119 186
116 131 122 137
247 138 260 151
43 254 48 257
79 84 81 84
348 197 359 203
212 76 214 84
354 18 354 29
109 96 116 102
19 177 33 180
174 126 182 137
216 32 230 36
212 217 220 225
277 41 287 49
322 74 332 79
135 60 138 65
355 76 363 90
359 22 372 36
81 35 92 43
224 54 238 62
12 66 12 74
247 170 253 179
359 41 368 53
351 160 359 165
333 96 337 98
377 207 364 220
377 141 377 153
102 77 111 87
324 171 335 178
322 18 336 29
345 62 350 74
135 43 149 55
148 48 148 56
137 169 144 180
241 246 254 252
37 66 43 71
180 7 190 14
192 235 205 236
245 192 259 199
131 196 138 205
46 70 46 83
290 211 303 224
345 17 347 22
203 196 213 203
77 63 83 75
266 53 273 59
146 146 160 159
219 47 228 49
127 110 128 122
65 58 67 69
144 232 154 244
147 4 158 18
106 177 107 181
208 174 209 178
12 34 23 42
244 90 244 100
287 145 290 158
141 107 143 115
24 60 35 73
290 234 291 238
341 242 341 244
365 215 365 223
240 87 240 90
1 76 8 86
338 100 347 103
133 247 142 251
47 4 56 18
33 23 43 24
67 18 79 23
110 182 123 186
104 5 114 7
355 101 368 111
232 36 237 45
176 40 190 41
338 40 348 47
135 236 140 247
102 249 106 253
175 239 177 240
55 130 59 131
290 41 300 49
126 253 131 248
32 179 33 187
190 178 203 187
72 51 80 63
103 201 111 211
300 37 304 49
293 147 302 147
363 68 370 78
232 125 245 137
299 25 307 36
179 126 189 133
277 217 290 217
298 73 309 87
341 1 350 15
214 206 220 215
56 219 62 229
233 98 233 105
320 31 329 34
188 97 189 98
248 189 260 196
271 252 283 256
194 228 196 238
313 189 313 193
295 232 296 236
94 230 102 244
239 42 241 49
54 51 66 58
95 138 99 140
373 17 374 25
220 237 223 247
139 91 139 101
95 236 104 238
251 87 254 94
276 109 277 119
349 169 363 176
65 171 73 181
13 19 20 23
250 48 264 58
163 158 164 161
316 164 319 166
167 49 175 52
328 10 331 23
72 19 81 25
190 189 190 197
171 104 182 110
364 69 374 78
254 234 255 237
266 155 270 165
259 10 269 13
93 126 97 134
184 223 192 225
166 40 174 50
154 4 156 4
66 239 69 240
352 11 359 12
173 194 175 202
282 251 295 252
313 257 320 243
165 138 173 140
325 170 338 171
379 8 365 8
148 43 154 50
324 148 337 155
365 220 368 231
330 208 338 215
235 44 249 56
310 206 314 214
264 20 277 32
33 125 36 130
215 228 215 234
11 72 20 81
79 250 91 251
97 207 97 215
15 34 28 48
188 196 201 200
226 122 233 134
241 115 254 119
97 103 103 108
10 67 21 73
91 177 97 191
85 109 89 122
366 194 368 205
154 101 160 112
103 119 109 124
224 87 236 93
106 11 110 11
290 79 294 82
105 45 109 45
350 110 362 115
255 131 265 141
7 52 12 65
69 223 72 232
31 208 39 208
287 233 299 236
191 214 205 225
221 4 230 13
265 103 277 114
140 163 146 169
134 137 143 145
286 108 289 109
297 199 306 209
285 144 297 147
24 154 29 156
130 222 133 231
240 231 253 237
143 148 152 160
13 50 18 57
3 66 8 68
144 146 149 154
10 186 20 197
219 130 227 140
119 39 119 43
341 223 349 227
107 59 118 72
150 47 162 61
109 256 116 248
75 239 82 249
84 182 85 191
105 210 112 214
234 29 236 41
122 252 130 253
64 49 66 53
183 218 190 222
190 183 200 183
3 162 12 173
91 213 105 217
115 60 118 63
225 136 225 142
9 47 15 50
339 52 346 60
208 107 221 116
45 45 59 49
247 40 254 40
340 149 352 156
263 18 264 23
380 193 374 207
67 13 78 25
31 25 39 26
115 145 118 150
133 111 147 121
155 119 159 122
263 35 272 44
186 230 188 242
26 122 39 127
242 180 250 194
263 69 267 79
168 156 171 170
54 240 58 251
130 235 140 243
221 134 223 139
359 185 366 187
267 191 270 204
295 28 300 42
219 12 220 20
89 109 94 116
16 182 30 192
365 87 372 99
365 53 376 62
4 74 5 84
76 228 79 233
265 179 271 189
324 96 334 103
144 134 154 137
240 11 242 17
80 157 87 157
59 194 72 202
206 206 209 210
15 113 20 120
241 220 250 222
164 76 173 81
201 103 206 112
293 129 294 134
83 134 95 141
267 42 273 50
28 231 40 231
214 49 215 56
319 24 329 30
205 167 211 170
109 7 109 14
34 3 39 5
217 170 230 172
245 194 259 207
183 144 186 146
292 182 296 184
58 157 59 171
257 139 267 147
321 193 329 193
166 158 171 165
297 194 307 208
11 196 21 210
353 138 360 144
147 132 155 135
210 135 223 149
314 61 327 66
285 148 286 157
120 164 133 168
104 114 104 129
291 21 296 26
133 215 144 217
2 112 6 114
243 151 254 160
142 168 143 180
62 208 69 213
289 42 295 45
72 123 78 125
129 5 143 5
272 50 281 56
282 211 295 224
21 211 34 213
305 18 308 30
293 135 300 143
369 205 373 206
231 201 239 209
46 206 57 216
131 226 134 236
272 31 283 40
110 233 112 243
83 159 93 160
194 30 196 31
372 160 360 174
297 96 301 101
260 75 274 88
164 22 177 35
167 194 175 204
47 169 59 183
133 112 135 126
2 253 5 241
175 186 187 200
152 100 166 111
145 139 159 142
234 105 243 111
251 220 259 231
349 41 350 45
320 34 323 41
203 232 214 235
269 246 273 232
132 91 146 98
59 76 72 88
151 166 161 171
314 70 315 83
209 107 214 114
252 11 264 21
340 135 353 137
328 51 338 60
325 134 334 148
293 113 296 126
327 191 332 193
74 130 82 138
232 243 235 256
245 234 247 246
209 203 219 203
318 211 327 225
243 220 244 229
187 101 198 105
270 217 278 223
155 216 161 226
302 208 315 220
37 11 50 21
254 5 255 17
324 244 336 254
175 56 179 69
225 153 229 157
364 78 368 89
74 61 88 66
353 168 362 177
247 112 255 114
369 92 379 100
333 16 346 25
192 28 202 37
140 76 141 83
54 169 61 170
223 114 233 119
51 34 64 39
360 84 362 95
132 207 139 217
84 89 93 93
87 33 101 42
39 182 52 192
242 47 250 50
112 255 122 249
149 205 150 216
131 139 135 147
47 68 48 82
301 156 309 158
349 24 362 38
304 171 309 183
188 43 198 46
273 135 279 147
174 207 177 217
320 242 324 246
1 248 15 238
172 240 177 241
248 176 261 178
304 225 312 229
343 189 349 201
166 131 170 140
216 21 219 33
201 182 215 188
194 222 203 234
308 26 312 29
171 114 172 120
251 145 253 146
180 84 193 88
343 257 347 252
357 112 366 117
234 39 235 53
314 164 316 170
86 26 95 32
79 65 93 79
268 195 272 202
289 12 296 12
123 210 129 213
200 36 210 37
60 216 61 220
222 215 232 221
73 212 83 217
314 117 319 131
249 175 252 188
140 151 145 165
59 174 72 187
129 132 133 143
3 43 11 45
357 131 369 140
14 170 23 176
226 86 238 97
131 241 141 248
323 245 337 250
18 175 30 175
280 192 284 206
191 165 197 168
30 249 42 254
273 186 284 195
269 91 275 91
252 191 252 200
66 68 66 73
289 56 303 59
167 168 167 177
95 139 108 151
330 37 341 46
309 127 316 141
37 27 47 39
334 195 341 202
160 253 167 253
176 151 184 156
300 244 303 248
375 115 362 117
8 142 22 148
369 167 370 168
227 201 229 214
198 92 209 99
53 24 64 31
35 173 37 174
268 34 279 38
93 71 94 75
125 238 127 240
66 230 75 237
65 146 74 154
38 178 47 189
152 24 161 34
321 252 329 254
73 207 75 213
306 189 316 198
73 202 83 205
115 211 121 222
379 82 367 91
272 61 284 72
99 145 105 155
367 226 376 234
8 138 20 139
270 8 276 21
263 194 267 204
186 116 195 126
344 242 348 245
260 46 269 56
338 15 348 17
199 76 213 82
37 67 44 81
31 117 42 120
261 9 270 22
226 233 234 242
93 51 102 60
174 212 187 212
242 224 254 231
323 32 328 42
144 181 149 195
264 143 275 153
245 67 251 76
191 25 195 36
2 226 10 228
238 232 245 244
187 151 188 158
266 136 280 148
369 188 378 201
243 141 253 153
57 135 64 139
255 132 269 146
213 94 217 108
192 14 196 15
225 39 237 46
10 105 17 113
194 45 200 53
65 227 65 230
260 88 272 102
159 225 163 236
50 249 59 237
107 30 114 32
86 124 97 128
261 50 269 52
189 27 190 34
13 3 19 13
203 128 209 139
161 81 164 93
245 200 250 204
7 54 21 56
258 60 269 64
69 38 70 48
331 54 337 55
354 59 359 60
94 167 102 171
225 27 226 38
278 59 279 63
269 198 279 212
126 138 137 143
281 198 284 200
325 252 335 256
201 214 209 223
33 48 38 57
277 22 283 29
285 23 292 34
169 79 180 82
176 120 176 134
120 49 126 53
129 215 131 223
196 13 202 20
350 163 359 176
194 56 207 70
55 35 58 37
123 191 128 201
74 60 80 61
171 10 180 24
114 86 114 100
166 75 176 89
366 64 376 76
39 140 51 151
164 20 165 30
195 241 208 249
28 13 31 14
304 193 310 196
64 53 70 60
348 72 354 80
87 169 96 175
345 239 352 240
241 62 250 63
164 240 169 253
338 172 339 183
124 22 130 27
274 195 278 204
215 157 225 165
80 196 91 202
356 69 360 78
347 149 348 152
111 196 113 205
16 161 27 174
87 53 98 57
143 113 155 123
295 128 298 142
328 75 332 86
355 160 363 168
376 44 371 57
198 151 202 158
212 33 225 46
29 46 30 56
111 65 116 75
360 68 373 78
42 62 56 71
282 108 290 110
112 235 122 237
373 203 376 208
117 12 121 14
167 40 167 50
24 6 29 14
49 106 60 109
306 176 319 187
140 241 147 244
86 119 87 128
365 31 375 41
301 26 313 36
172 252 177 246
73 55 75 67
197 58 204 66
248 52 251 65
23 241 24 243
80 111 80 126
290 83 302 83
41 228 49 239
230 255 232 241
291 184 295 190
193 140 195 152
103 151 105 152
103 60 107 70
259 43 264 48
344 100 351 109
49 211 53 219
335 100 345 111
246 41 259 44
127 85 135 86
132 166 138 172
14 167 17 172
114 172 127 173
132 183 142 186
152 78 159 80
262 135 275 146
61 99 69 101
73 228 73 233
259 165 272 177
269 143 283 151
47 154 56 168
304 218 306 229
175 102 189 105
291 176 292 180
97 239 109 252
325 145 330 148
23 40 25 54
197 209 204 221
71 161 85 174
22 143 23 145
5 206 17 219
242 28 248 37
366 177 371 182
17 27 31 27
73 23 74 37
245 86 246 100
125 227 134 235
237 109 240 113
332 84 340 85
116 134 120 137
127 149 133 162
368 115 376 121
8 149 21 154
169 2 170 3
350 66 350 68
146 45 147 52
279 232 288 242
225 101 233 107
158 50 166 61
242 19 245 19
181 66 183 75
94 195 94 207
86 163 98 169
351 63 360 77
313 195 321 201
216 35 224 38
100 145 109 155
93 203 98 207
317 247 330 253
145 191 158 195
85 148 98 148
76 181 88 191
153 36 164 45
159 19 168 33
28 117 32 120
189 87 195 95
222 3 229 3
370 60 357 61
304 7 304 20
285 26 290 34
99 171 100 176
379 62 371 62
296 134 298 140
355 199 358 205
202 57 216 61
269 17 277 23
265 115 268 126
314 193 315 207
59 199 62 211
315 47 321 47
187 227 188 228
375 67 364 74
7 100 17 100
4 36 6 43
327 143 340 155
266 171 268 183
329 129 336 138
377 167 379 181
73 71 73 74
125 172 133 176
336 181 338 188
313 1 327 10
86 223 94 227
226 59 238 69
285 254 290 257
223 3 227 4
362 238 365 251
149 202 159 213
172 139 185 150
46 74 52 79
120 253 129 243
49 35 63 35
342 207 356 221
261 26 269 36
130 28 143 36
379 125 367 135
256 3 259 5
204 241 209 243
305 155 314 159
376 128 377 135
333 28 341 40
327 216 331 224
71 139 81 153
204 9 209 13
110 1 120 14
147 249 149 250
12 24 21 30
312 189 321 189
236 44 247 46
7 113 17 127
5 63 12 76
176 208 189 216
62 69 76 71
330 71 332 77
205 84 208 89
169 241 170 246
338 137 346 139
89 200 95 210
22 182 34 187
186 232 190 246
131 174 138 181
4 232 9 240
252 209 261 216
310 229 323 229
39 252 45 238
273 113 273 119
240 44 253 53
155 68 165 71
309 165 320 166
118 84 132 89
97 238 100 239
252 141 261 150
367 66 368 72
194 46 194 48
94 36 96 40
271 46 278 49
360 206 365 206
191 157 199 167
293 175 294 187
154 247 163 251
206 179 206 186
244 51 248 64
84 73 90 81
169 153 177 155
276 87 285 94
3 184 12 184
229 239 240 247
140 144 154 145
305 171 315 173
179 125 179 132
86 139 91 147
53 165 60 167
349 143 363 149
375 199 379 206
225 29 231 41
90 80 92 83
147 144 154 148
89 55 90 66
269 96 270 100
76 3 80 5
109 140 122 142
357 250 370 237
245 96 251 96
94 13 97 27
135 59 141 64
204 16 212 24
96 32 110 39
316 207 319 218
1 15 9 23
197 132 208 135
347 147 358 148
38 238 52 241
84 85 89 98
118 163 125 175
177 182 189 190
13 153 15 166
373 229 363 237
11 180 12 185
120 20 128 20
137 177 140 186
147 108 150 112
209 148 211 149
292 174 299 176
39 187 53 197
336 116 339 121
72 101 82 107
83 196 84 202
159 181 169 181
4 241 14 253
112 114 124 120
222 94 224 100
90 109 97 115
363 31 363 33
42 197 49 204
126 52 136 61
21 168 35 168
10 100 14 103
256 64 263 72
375 25 362 26
342 132 343 135
46 161 56 172
327 138 332 143
337 214 349 225
205 169 206 183
194 227 208 238
231 209 241 212
203 63 206 70
24 232 29 244
132 60 140 65
282 240 284 251
14 215 14 219
