620 513 33 991
2 12 7
30 391 13
74 319 26
81 52 32
87 26 27
90 219 33
134 488 44
156 442 25
199 505 16
222 432 41
247 397 6
253 268 22
266 237 23
321 304 37
340 120 18
352 424 29
358 467 36
386 150 24
405 1 14
414 445 39
430 436 12
431 155 19
446 93 5
459 253 21
471 229 15
478 441 38
480 415 42
513 113 28
539 287 9
551 271 30
557 357 20
576 22 8
608 151 4
28 312 41 331
514 508 540 434
531 485 617 447
508 94 585 183
103 386 153 441
497 349 546 372
398 496 449 471
89 241 176 328
252 330 331 354
218 105 254 143
355 451 430 355
301 414 314 474
185 245 251 265
606 164 555 232
390 224 399 248
477 159 483 174
421 487 516 453
68 241 148 302
285 395 377 427
614 468 554 417
294 441 314 477
435 70 519 95
50 368 148 451
416 481 438 417
174 449 228 379
5 280 53 365
93 33 98 40
279 230 320 234
316 58 413 122
573 418 602 479
358 69 370 111
604 444 617 506
512 108 544 116
325 373 371 420
489 502 530 409
324 60 372 96
126 474 126 429
144 422 149 508
353 239 449 282
531 257 532 347
85 403 125 434
472 186 537 285
508 481 554 412
576 7 601 43
553 105 588 204
128 386 172 389
495 378 564 393
431 266 488 296
16 321 43 392
126 428 166 473
3 360 92 387
145 378 218 436
343 289 358 371
396 507 418 416
333 227 377 232
593 418 548 469
611 289 586 326
398 44 492 130
268 431 357 335
582 70 516 129
272 124 351 197
394 109 441 169
426 213 463 276
229 455 274 381
486 261 491 298
262 398 342 430
54 489 82 401
34 313 96 405
387 345 403 379
145 104 240 149
195 152 211 233
99 6 168 79
553 138 577 192
72 54 131 138
246 152 281 202
510 420 514 495
620 287 562 331
396 177 439 231
175 424 176 326
601 485 579 420
458 412 474 475
204 62 273 109
99 114 171 144
252 248 329 253
292 370 309 437
450 231 503 274
493 216 511 267
122 462 192 381
262 124 332 151
538 218 589 224
479 2 561 89
406 132 410 157
382 305 413 397
249 255 258 298
276 142 339 216
355 79 376 157
54 300 75 333
474 201 547 225
575 246 602 326
82 286 82 304
52 374 140 395
191 384 249 468
362 187 442 220
172 255 226 337
424 446 465 472
456 209 538 261
463 219 476 242
369 184 461 269
247 480 323 446
177 363 225 392
5 46 102 84
409 89 480 135
217 270 267 294
278 226 325 313
287 229 293 279
255 411 336 431
423 272 443 371
402 494 471 460
447 431 533 507
11 18 49 95
257 160 293 209
347 96 423 132
451 212 459 260
18 367 105 441
32 53 70 53
451 319 542 355
378 389 389 439
58 87 101 164
392 60 456 143
576 372 512 428
295 65 376 137
244 276 285 288
334 470 378 393
586 114 609 177
535 231 548 325
93 239 168 329
345 487 414 407
375 383 463 469
562 344 594 416
521 42 577 80
497 484 506 426
86 37 134 127
6 23 17 82
8 136 86 209
594 502 596 407
160 126 180 205
222 133 248 188
432 241 508 320
224 200 252 259
380 280 443 346
535 503 543 450
576 442 616 503
342 308 399 339
134 435 209 465
609 446 552 491
329 40 421 112
37 376 61 436
470 247 521 261
6 20 80 107
444 283 532 294
124 203 158 297
265 424 299 492
16 23 27 64
565 335 618 423
186 214 260 235
116 245 126 324
67 188 124 227
216 103 247 134
198 344 201 363
570 195 583 236
432 324 510 393
447 124 502 192
325 93 392 96
577 271 515 363
22 327 101 395
65 139 161 147
22 191 27 192
264 410 303 446
515 460 571 488
596 316 563 415
364 371 460 403
413 238 424 300
314 106 395 132
294 316 318 326
237 331 270 385
339 486 368 397
50 91 54 177
591 49 523 87
152 16 207 101
313 302 360 310
305 227 381 236
432 326 495 356
323 12 393 29
576 230 485 288
101 127 144 186
356 138 408 178
173 245 219 255
612 200 577 219
357 411 408 488
430 117 479 121
312 40 312 131
354 207 398 263
216 38 315 45
520 4 596 38
479 41 511 93
290 131 296 213
136 273 150 335
448 491 501 400
364 381 431 410
194 290 239 343
315 158 408 164
178 36 191 123
102 355 136 384
64 99 98 161
104 361 145 381
3 131 18 139
279 27 362 121
427 151 496 160
245 53 283 81
135 201 162 293
110 280 172 351
2 430 14 513
230 93 278 136
491 341 580 367
481 293 537 325
354 448 447 451
248 415 257 464
410 432 451 501
283 202 284 298
502 130 574 194
202 328 217 415
442 22 463 112
46 193 125 206
202 235 239 283
138 483 224 398
215 284 223 377
148 172 204 173
94 505 127 424
24 338 27 378
526 108 566 131
181 217 220 237
59 335 68 394
265 438 286 358
91 479 94 495
139 481 221 446
238 510 306 471
340 61 359 79
359 22 456 100
584 404 616 429
390 261 402 262
375 492 397 406
65 466 101 489
210 130 253 130
145 5 181 7
54 10 93 19
232 130 281 192
605 126 619 191
590 100 593 193
333 257 391 353
30 92 122 142
594 74 495 108
523 195 609 272
613 172 526 194
345 405 385 417
41 189 122 271
464 145 513 237
344 462 431 466
405 365 435 365
296 181 310 189
417 307 443 307
187 407 222 506
183 294 276 377
432 243 497 280
114 190 170 216
430 357 445 400
78 485 86 487
406 430 407 439
586 195 594 284
494 449 545 490
53 509 142 453
231 369 314 395
615 258 530 328
400 440 449 363
534 203 569 274
73 51 151 94
395 105 486 130
548 408 604 436
460 4 512 51
64 79 73 100
161 37 256 93
513 5 566 36
208 55 238 75
445 387 476 416
187 292 195 314
151 241 239 298
371 266 400 293
175 82 248 148
264 81 280 122
511 421 570 448
521 192 620 204
534 395 605 441
458 320 472 400
604 454 563 488
6 348 83 416
466 161 512 210
12 391 13 396
341 163 437 261
32 57 103 85
492 80 582 120
73 280 111 371
251 442 341 366
342 216 382 291
336 72 404 95
554 37 485 124
486 254 536 283
441 22 526 73
338 279 426 341
387 223 415 236
288 380 331 452
278 421 363 433
433 54 461 56
110 498 119 467
464 349 507 399
225 481 240 387
146 448 227 484
37 304 68 401
287 175 376 223
46 461 123 507
148 188 204 207
167 219 260 229
205 100 279 167
548 494 574 458
466 494 492 500
370 330 438 383
52 323 110 417
555 463 567 409
247 61 289 112
193 469 229 421
587 513 540 507
480 72 493 98
420 312 514 355
338 16 401 61
267 415 323 455
537 203 586 238
304 128 364 128
76 120 95 196
552 230 610 255
423 374 468 458
234 9 271 70
306 46 354 64
288 82 365 98
3 291 32 380
264 413 272 413
193 455 211 458
349 456 356 462
261 461 339 408
281 114 359 133
597 414 567 461
306 165 357 241
301 271 368 285
263 479 284 414
392 487 469 391
462 418 493 473
101 44 109 81
601 292 565 381
580 500 609 419
227 40 268 118
15 379 32 410
81 216 165 313
24 380 79 464
3 191 68 277
15 483 81 484
134 51 138 66
250 14 337 62
57 462 104 495
430 114 435 189
54 355 129 401
425 437 489 467
176 357 180 366
316 421 316 491
160 224 251 309
95 194 133 249
189 464 263 376
618 258 563 350
74 289 146 387
64 322 134 341
116 333 186 344
475 345 571 353
195 88 205 135
268 216 318 227
319 188 319 194
6 321 22 351
181 146 194 213
272 341 371 347
361 50 375 77
420 452 436 378
31 446 91 467
252 460 297 491
512 464 575 511
38 139 70 177
219 212 243 223
169 149 260 149
606 444 541 463
120 62 120 72
223 240 252 324
244 496 253 429
18 54 20 84
427 55 498 70
295 10 379 66
180 23 252 68
566 144 481 234
39 195 41 253
177 334 262 412
23 472 81 505
45 380 102 453
132 379 180 453
231 399 296 475
264 301 335 373
34 495 94 455
520 503 552 467
519 86 543 130
62 126 108 156
319 355 343 429
449 175 501 254
185 87 217 105
110 34 165 127
43 338 139 423
107 294 181 326
255 223 325 273
276 216 367 257
75 88 154 148
351 421 409 438
219 346 230 388
241 109 291 126
11 146 110 199
44 282 66 359
463 487 499 495
617 51 580 118
101 415 152 502
1 194 12 258
91 102 111 133
370 416 411 452
511 283 579 318
592 473 546 381
540 508 601 437
250 108 319 179
176 6 178 21
152 424 195 509
362 164 440 227
579 494 587 417
175 229 239 310
47 463 113 463
534 139 575 184
314 38 361 73
150 18 184 26
263 224 309 284
612 482 568 389
151 371 233 383
191 457 244 367
267 5 315 40
513 277 533 316
293 314 364 325
377 335 459 425
318 152 353 164
597 291 572 300
115 218 207 281
463 70 519 112
31 375 61 412
185 298 207 388
152 450 244 486
594 189 616 238
258 112 337 174
253 17 339 104
186 203 224 282
258 488 304 459
36 368 92 431
566 433 613 437
414 13 481 50
145 18 152 79
439 105 500 174
456 41 496 72
221 216 268 259
518 419 604 510
80 270 159 302
584 315 592 362
384 57 396 124
606 150 531 220
327 327 329 333
149 43 193 100
202 388 254 456
333 134 345 211
11 32 30 61
614 368 527 449
77 120 111 142
201 179 209 247
444 419 526 503
18 351 71 404
496 272 560 317
257 205 329 218
587 220 611 222
410 366 476 374
482 256 504 269
66 205 130 296
342 47 386 143
213 461 275 362
480 442 500 469
380 116 382 192
387 202 404 260
162 11 218 21
258 73 325 141
425 361 462 436
164 381 245 386
156 298 249 353
253 299 253 305
491 127 498 217
612 212 529 218
488 6 553 15
349 325 443 338
310 36 336 88
370 128 403 144
225 401 275 410
276 153 368 238
131 8 148 47
540 144 562 209
230 87 267 130
600 52 533 109
212 18 311 105
457 26 524 66
357 265 444 358
380 125 415 216
478 401 512 460
383 87 460 174
173 331 262 413
450 193 544 211
353 217 434 299
104 101 188 135
608 470 591 473
101 330 123 414
205 94 214 137
120 250 133 316
45 134 80 159
260 303 294 351
507 405 605 483
204 90 292 176
294 140 331 199
324 241 392 284
71 75 157 92
359 57 408 120
398 125 435 224
569 204 605 266
280 6 344 46
472 257 518 288
263 215 337 304
288 32 318 53
398 288 439 382
272 91 298 104
52 198 90 212
125 325 148 370
90 383 96 481
248 479 255 422
43 376 83 450
362 14 382 76
517 139 560 182
229 277 245 318
595 491 537 414
153 353 185 425
350 243 362 260
501 32 560 125
470 380 525 388
385 441 426 348
267 510 357 492
503 396 550 470
58 447 151 483
212 171 231 255
248 376 326 386
114 306 211 341
7 135 102 155
37 33 64 56
130 188 162 221
180 293 186 335
527 430 539 436
335 64 426 77
564 221 588 272
11 124 37 182
400 495 425 416
491 444 510 511
488 27 516 109
359 501 432 452
600 301 605 370
53 201 110 218
249 489 335 422
115 441 158 508
402 261 430 298
583 430 601 477
357 9 411 33
587 43 541 83
206 456 239 377
5 133 30 174
116 475 164 504
242 476 281 399
495 18 567 20
313 424 347 486
469 454 508 480
254 47 292 82
535 345 569 426
159 433 227 451
67 62 100 155
15 298 27 372
381 381 425 383
247 464 339 481
243 355 248 355
442 166 471 252
211 396 310 495
226 185 243 283
215 323 233 323
8 5 79 5
441 381 506 387
48 473 51 499
203 62 226 119
467 325 521 423
140 417 166 463
401 412 496 485
46 356 59 437
277 486 307 453
19 294 31 317
64 90 146 117
169 424 213 444
18 55 39 101
67 35 96 125
573 164 493 209
512 195 598 250
487 243 516 340
17 140 105 199
577 443 527 510
76 328 173 399
492 418 493 440
573 9 509 83
418 81 489 164
169 470 244 474
215 413 294 491
354 131 381 156
213 483 279 436
412 446 412 457
446 227 500 313
228 77 232 169
431 73 484 147
21 108 47 126
556 445 597 476
148 368 180 371
480 430 523 481
137 97 176 158
323 292 341 364
421 13 489 32
152 419 162 498
267 409 325 504
330 437 333 347
246 294 250 350
565 190 610 196
212 410 223 427
440 476 523 394
282 312 300 349
333 506 416 460
258 387 298 410
11 472 44 409
500 246 563 299
193 97 267 144
184 158 245 201
17 68 36 83
300 6 316 7
366 466 427 408
424 37 433 88
540 34 601 68
378 340 432 355
269 398 331 417
447 500 452 458
588 379 620 452
578 23 579 30
401 392 449 437
506 214 567 228
454 68 520 144
534 357 616 426
445 81 479 175
382 101 481 170
616 22 564 38
205 239 289 261
339 28 364 110
366 202 420 285
411 46 485 91
113 30 183 32
406 123 438 196
601 54 604 103
475 174 527 270
88 182 183 192
28 8 66 85
484 150 558 168
260 351 336 412
318 463 341 502
120 487 218 411
302 291 334 353
92 303 161 400
100 239 183 319
405 374 454 463
27 101 84 149
213 259 302 263
241 330 254 369
620 471 537 503
79 200 154 262
142 217 200 252
148 501 223 465
512 482 569 394
223 318 296 403
383 506 446 431
343 55 414 114
484 255 516 343
406 352 453 378
360 443 429 488
370 80 396 173
401 445 412 465
274 178 373 201
571 280 581 355
588 385 498 399
616 217 554 247
561 329 493 371
557 472 595 472
454 340 551 340
460 416 538 498
595 291 613 350
294 82 360 132
374 29 418 115
293 414 310 461
243 69 280 145
582 354 614 419
464 146 496 212
440 409 527 471
439 375 533 407
173 121 199 202
442 444 489 349
503 87 509 108
140 439 231 497
177 297 242 353
278 31 284 60
84 47 134 71
6 159 65 161
261 196 319 285
56 89 67 156
219 29 307 45
22 167 78 184
234 22 316 91
494 165 542 215
501 401 568 402
52 115 73 139
489 339 495 395
514 440 565 455
553 314 471 350
429 494 440 504
415 270 500 310
470 415 471 421
69 477 75 428
500 298 599 307
150 78 231 86
131 163 157 166
296 352 308 417
568 40 581 124
310 291 319 300
581 201 519 281
389 418 405 442
467 47 469 60
105 175 108 258
519 314 541 410
322 317 372 384
483 79 513 171
425 75 451 79
344 160 362 173
329 278 336 329
508 433 521 482
248 19 253 78
483 499 515 481
394 12 418 83
435 380 440 401
190 237 275 270
317 491 339 447
525 366 606 386
431 174 524 239
540 1 597 84
2 433 61 481
67 412 93 503
603 459 560 371
374 67 410 67
59 60 145 62
345 47 442 99
405 180 443 244
264 278 361 321
363 74 404 102
352 111 416 188
137 75 154 136
551 513 569 430
477 213 512 297
53 7 113 38
575 464 496 386
522 176 561 270
168 240 235 303
165 177 248 240
415 184 514 225
564 291 491 305
309 111 380 177
152 466 210 369
162 200 187 234
332 154 400 204
423 363 445 369
606 84 529 158
36 226 42 232
339 325 398 408
89 375 159 474
341 116 426 179
50 105 128 179
309 248 355 290
368 152 437 222
176 204 234 295
191 207 277 212
455 191 509 270
600 421 606 489
113 474 205 490
239 95 330 100
21 429 55 448
199 316 295 404
166 453 199 475
610 428 547 458
268 276 324 326
104 41 113 56
398 64 454 105
24 87 62 164
108 358 187 434
392 74 403 168
32 262 67 284
287 284 385 362
579 34 509 121
159 411 221 489
19 174 84 267
499 207 503 220
147 341 153 387
295 493 334 503
351 195 371 199
272 415 321 510
547 233 574 248
578 154 485 249
149 496 207 497
162 279 236 300
218 58 229 59
208 468 239 506
47 467 110 392
599 114 517 181
249 263 321 324
218 452 244 484
6 344 91 385
98 152 105 229
432 277 501 317
250 280 280 304
527 170 620 234
90 26 146 62
36 407 81 485
369 185 378 264
418 47 493 135
103 307 138 336
369 470 442 477
615 84 561 90
391 302 425 384
139 100 194 179
144 266 181 315
32 117 83 143
604 55 585 81
206 187 212 232
101 103 132 194
465 452 527 454
615 112 616 138
475 347 494 396
562 60 591 107
43 81 94 180
44 459 103 471
353 339 381 356
485 474 567 378
382 500 412 433
384 114 463 177
18 430 62 498
602 141 607 216
454 210 478 274
75 165 75 240
269 350 339 355
325 360 420 417
240 443 255 351
486 84 509 182
488 362 531 384
214 307 270 361
268 174 344 194
88 484 157 507
577 66 523 79
620 70 566 84
16 346 115 393
568 123 477 209
312 219 395 241
392 422 399 425
387 5 409 91
524 375 567 379
263 88 329 157
370 74 420 170
478 218 514 249
446 103 478 175
564 505 584 494
596 289 514 356
489 473 532 509
354 509 356 461
94 5 151 62
64 107 120 158
302 325 399 352
457 422 526 445
351 217 425 300
489 358 525 379
68 263 77 288
606 172 545 195
165 448 220 457
253 457 253 492
84 276 130 357
168 494 264 446
120 415 205 512
599 55 565 89
198 101 232 174
89 428 94 341
46 452 119 367
337 11 422 17
408 498 503 482
43 503 45 468
321 330 390 410
543 165 591 183
104 496 124 472
310 427 312 452
179 55 196 125
157 198 193 272
122 358 170 434
527 6 541 69
176 456 191 382
24 212 121 232
175 240 248 309
249 251 296 319
253 222 269 224
384 47 449 54
337 211 419 216
491 265 573 317
158 296 163 358
178 319 180 319
201 406 285 416
83 303 140 365
425 443 452 473
199 227 246 307
615 11 564 78
488 322 495 362
255 444 256 488
254 247 293 267
331 362 413 368
76 101 168 184
257 267 314 361
21 119 104 121
326 487 359 409
141 507 221 435
319 389 369 484
403 247 502 344
9 285 30 326
494 342 509 358
86 17 176 100
584 323 591 373
42 498 57 408
550 209 466 234
430 229 497 310
470 253 528 308
60 170 103 226
532 305 550 376
599 371 534 410
80 430 105 468
208 437 227 344
366 125 448 169
324 369 326 373
35 403 70 447
282 323 288 403
332 26 345 49
208 396 263 445
167 2 180 37
13 260 101 327
368 139 446 172
530 345 598 381
53 281 110 289
330 436 362 452
352 471 367 486
471 352 489 352
