350 670 300 459
1 601 203
1 658 257
2 154 69
2 211 332
4 537 281
5 491 252
6 367 380
7 86 387
7 644 96
8 261 376
8 336 116
8 571 198
9 545 145
11 398 32
11 526 97
12 264 384
16 57 48
16 310 352
17 335 254
17 506 355
19 426 157
20 299 381
20 472 123
23 549 314
24 323 241
25 569 234
26 154 77
26 248 126
26 494 51
26 652 16
31 254 163
32 179 263
32 609 92
33 199 160
34 616 130
35 224 82
35 238 373
37 506 260
38 424 40
40 349 93
41 30 125
42 53 231
47 246 343
47 504 13
51 214 192
52 651 183
54 337 56
55 341 296
55 670 382
57 260 276
57 262 368
60 151 341
61 655 325
62 145 5
62 269 346
63 78 193
63 229 178
64 36 301
64 369 324
65 46 134
65 59 15
65 128 67
67 45 385
67 372 364
71 568 149
73 384 328
73 654 356
77 416 196
78 611 370
82 487 396
83 287 121
84 152 298
85 133 143
86 258 21
86 370 53
92 85 37
92 148 359
94 133 22
94 656 216
98 110 111
98 252 57
98 319 304
100 42 360
102 410 33
102 476 4
103 156 190
104 14 65
104 180 375
105 307 308
106 9 180
106 382 58
109 541 88
110 395 238
111 313 119
111 490 148
112 108 233
113 571 338
115 277 235
115 568 219
116 236 253
119 510 245
120 547 61
121 24 288
122 518 225
123 226 224
124 155 266
124 390 170
124 636 83
125 199 230
126 16 353
126 534 189
126 555 228
127 66 207
127 522 319
128 561 91
129 68 136
130 417 167
133 41 11
133 325 393
133 662 206
138 362 45
139 8 49
139 313 317
140 167 39
140 392 339
144 314 279
144 569 185
146 236 184
147 114 150
149 651 23
150 143 294
150 590 191
151 445 365
153 148 74
158 402 214
160 358 120
164 112 78
166 513 14
166 552 291
168 248 267
169 226 211
172 555 357
173 641 166
174 637 152
176 401 271
177 206 109
177 489 106
178 137 223
178 236 310
178 599 374
179 213 249
180 240 84
180 622 118
181 32 107
181 258 98
181 346 110
183 323 321
188 549 270
190 147 361
190 393 59
192 94 117
192 621 179
193 257 80
197 616 349
198 645 283
200 322 237
200 473 309
202 302 176
203 153 246
205 257 205
205 293 43
206 23 232
207 367 302
207 458 280
208 321 199
208 475 242
209 187 272
210 198 350
210 373 287
213 312 41
214 552 347
216 361 275
218 61 331
218 328 115
219 102 322
219 440 137
219 544 79
220 667 320
222 344 72
223 494 101
223 604 75
225 198 87
225 524 25
227 201 204
227 576 306
229 239 18
229 275 277
230 538 210
231 368 38
232 536 141
233 20 66
233 252 378
233 475 6
233 603 156
236 279 140
239 191 47
241 111 226
242 12 55
242 434 293
244 281 129
244 383 165
245 35 27
245 204 86
245 536 323
246 140 26
247 345 42
248 512 20
249 121 222
250 369 108
252 8 285
253 263 197
254 90 209
256 239 24
256 594 12
257 170 81
259 469 261
259 670 161
263 479 299
264 526 386
265 593 100
266 156 278
267 266 289
269 428 175
271 608 90
273 399 105
274 74 34
275 538 395
276 255 94
277 607 354
279 420 104
284 504 221
286 568 274
287 206 391
288 41 313
290 602 132
291 612 54
297 290 363
300 345 292
300 556 247
303 24 8
304 236 194
304 399 345
306 331 337
306 510 64
310 17 174
310 632 2
311 368 35
312 211 397
312 256 255
314 12 62
314 40 135
314 351 244
314 461 44
315 319 240
315 326 362
317 24 264
317 553 377
318 216 398
319 596 372
321 271 128
323 332 103
325 429 303
326 473 122
327 177 333
327 204 29
327 313 147
328 89 390
329 254 19
329 259 127
330 65 389
331 154 258
332 608 344
333 280 99
333 435 162
334 385 144
335 93 60
335 106 388
335 312 259
336 136 187
338 315 243
341 76 251
341 131 95
341 233 188
343 471 326
345 511 250
346 432 256
347 76 133
347 228 358
347 609 146
350 295 76
258 234 259 237
169 194 171 197
176 572 179 575
180 212 182 213
277 585 277 587
189 473 192 474
70 382 71 383
137 125 137 129
232 298 234 300
16 499 18 502
91 642 94 643
214 332 216 334
70 203 72 203
2 477 5 479
249 24 251 24
341 478 341 480
282 638 283 640
181 333 183 335
106 30 107 33
244 224 244 227
101 413 101 417
175 606 177 609
321 266 321 268
207 25 210 27
122 628 124 628
140 163 140 166
322 49 325 52
163 430 163 432
167 560 167 564
306 373 308 375
274 92 276 93
195 651 196 654
88 356 90 359
30 317 32 318
180 648 181 650
186 456 189 457
70 186 72 188
73 133 75 134
112 182 114 185
314 186 316 186
196 253 198 254
328 617 328 621
177 531 179 532
25 116 27 119
69 270 71 273
346 109 346 111
5 507 5 509
266 368 267 369
141 139 143 141
236 302 238 302
123 549 123 552
187 152 188 155
171 422 174 422
192 234 194 235
2 221 2 225
22 509 22 511
28 490 31 490
324 111 326 111
341 494 342 497
23 630 23 634
108 629 109 631
312 568 314 571
330 246 332 249
185 358 187 359
118 356 120 358
187 525 189 528
279 92 279 94
269 208 272 211
207 405 209 408
332 449 332 453
186 149 187 150
56 303 57 306
113 256 116 256
76 117 79 119
258 640 259 642
291 349 291 351
326 493 326 496
77 11 80 11
49 44 52 45
321 88 321 90
273 558 274 559
42 623 43 624
245 119 248 120
318 74 318 76
146 620 149 621
141 279 144 279
24 66 27 66
331 542 332 544
326 347 328 350
124 36 127 38
35 197 35 199
108 198 108 200
234 213 234 217
33 407 35 409
228 185 231 187
56 76 57 79
24 245 24 247
238 521 239 524
277 55 278 57
47 42 50 43
290 117 293 119
88 142 89 144
196 310 196 314
158 65 159 67
255 575 257 575
347 80 350 81
318 389 320 392
112 197 115 198
221 123 221 127
332 213 332 217
281 405 283 408
83 365 86 367
114 569 117 570
117 80 118 83
55 169 56 172
78 267 80 268
192 610 194 611
169 81 169 85
1 298 4 299
37 434 40 436
309 259 311 261
62 641 64 644
315 186 317 189
19 211 22 212
130 490 131 491
30 483 31 486
134 625 136 628
220 534 221 535
41 30 42 33
271 215 271 218
291 443 291 447
342 12 343 14
36 25 38 28
332 551 335 553
228 626 228 629
24 308 26 311
175 105 176 106
313 396 315 399
218 595 221 596
237 451 239 452
243 158 245 161
184 553 187 554
12 466 12 470
141 488 144 491
259 392 259 396
131 475 133 476
193 463 194 465
305 576 307 576
190 646 192 649
176 270 176 272
328 257 329 259
154 171 156 173
81 475 83 478
338 134 339 137
120 149 121 151
22 84 25 87
77 18 80 20
309 201 310 204
291 147 291 150
196 584 197 586
138 505 139 507
181 368 183 371
50 19 52 21
122 252 125 253
148 325 148 328
96 209 96 213
146 456 147 457
194 72 194 74
259 432 261 435
44 142 44 145
283 666 284 669
160 67 162 69
226 663 228 665
345 394 345 397
306 202 306 206
122 125 122 127
246 526 248 529
275 18 276 20
105 510 105 514
106 125 108 125
274 192 277 194
63 67 65 67
135 105 138 106
232 47 232 50
230 411 233 411
321 476 324 478
239 314 242 314
324 530 324 534
95 524 95 526
164 630 166 632
160 56 160 60
43 540 44 542
291 502 294 502
80 8 81 10
300 207 303 208
69 473 69 477
317 259 319 262
346 148 348 151
125 117 126 118
161 666 162 669
58 64 60 66
349 158 350 161
335 591 336 592
132 650 133 653
313 531 315 531
242 219 242 223
78 466 80 469
291 176 294 176
235 182 236 185
16 290 16 293
78 9 79 11
199 482 200 483
146 33 149 36
72 214 74 214
143 388 145 389
187 269 187 271
337 29 339 30
283 244 284 245
63 194 66 196
295 197 296 199
133 189 133 192
238 275 238 277
125 464 128 466
278 658 281 661
59 560 59 564
119 131 121 133
183 661 183 663
322 662 322 666
180 348 182 348
21 455 24 456
27 612 28 614
146 642 147 643
259 500 260 501
119 299 121 300
172 145 174 147
17 122 17 124
34 616 37 619
131 367 133 368
211 565 213 565
45 308 45 311
350 327 347 327
69 449 72 452
25 415 28 415
12 614 15 616
166 268 169 270
133 515 133 518
224 406 225 407
74 356 74 359
131 466 134 466
268 587 271 590
195 511 197 513
251 261 251 264
288 31 288 33
182 147 184 149
87 436 89 439
103 489 105 491
129 112 129 114
288 369 289 372
84 432 87 433
148 155 151 158
327 560 329 563
100 369 101 371
124 246 126 246
296 591 296 594
319 143 321 144
100 220 101 223
216 658 219 658
182 339 184 342
307 434 307 437
209 457 211 459
289 17 292 18
277 599 280 599
131 123 134 125
207 414 209 414
280 407 282 407
163 122 165 123
208 373 209 376
214 533 217 533
157 307 158 310
195 42 196 45
29 586 30 589
276 611 277 614
72 435 73 436
150 582 152 585
129 221 131 221
317 134 317 137
320 50 323 50
305 656 305 658
67 619 69 619
45 514 47 515
251 356 251 359
185 597 186 600
38 297 40 297
214 303 216 305
2 224 2 227
41 645 41 648
201 76 203 77
91 502 93 505
342 455 345 457
296 619 296 621
154 346 156 346
45 37 45 39
287 659 287 661
284 565 286 565
146 591 148 594
107 492 110 492
97 114 98 117
310 658 313 660
62 110 64 111
174 74 176 75
219 508 221 511
179 232 181 234
281 607 283 608
101 405 101 408
76 3 77 4
157 471 160 471
66 435 69 435
227 155 230 155
45 493 47 494
291 272 294 274
6 617 8 620
190 332 190 334
304 232 305 234
308 514 308 518
211 651 214 653
232 363 235 363
42 603 45 603
336 40 336 43
51 478 54 481
10 106 11 107
244 208 247 211
187 38 187 42
233 49 234 52
129 78 129 82
87 386 89 389
37 103 40 103
24 282 26 285
277 411 279 411
270 515 271 518
76 483 77 486
209 159 211 159
191 541 193 544
198 416 198 418
197 332 200 334
181 606 184 609
30 665 33 668
136 21 139 23
63 197 66 198
261 457 261 460
10 556 11 559
66 39 69 39
252 220 255 221
152 387 153 389
345 34 346 37
60 260 61 261
200 512 203 514
35 276 38 276
258 318 260 319
315 95 316 96
333 515 333 519
51 392 51 396
337 30 337 33
123 170 126 170
43 72 46 74
164 335 164 339
156 418 159 420
75 584 77 584
162 404 165 405
293 148 296 151
163 12 166 14
48 511 50 511
163 562 166 562
55 603 57 606
84 240 85 242
9 574 10 576
102 170 105 170
91 316 93 318
292 552 292 555
350 33 347 36
59 618 59 621
85 438 87 439
84 14 84 18
128 250 129 252
62 253 65 253
266 489 266 493
344 477 346 480
272 66 275 69
196 586 196 589
168 231 171 231
72 231 74 234
205 618 208 618
348 288 349 290
121 66 124 68
22 519 24 519
109 216 110 219
100 483 100 486
160 84 161 86
194 295 194 297
223 80 225 83
91 65 91 69
277 315 278 316
243 476 246 477
23 172 26 174
240 105 242 108
313 75 316 78
261 50 263 50
89 129 91 129
256 348 259 349
89 518 92 519
139 263 141 266
116 99 116 101
235 215 235 217
305 280 308 283
156 13 159 16
75 586 77 586
131 449 131 453
41 91 44 92
89 289 89 293
301 469 303 471
309 117 312 119
348 36 345 36
339 101 342 103
69 240 72 243
1 259 4 262
220 11 223 13
227 1 230 2
245 284 247 284
105 603 106 606
233 635 234 636
226 645 228 648
186 367 186 371
126 6 129 9
263 104 263 108
152 357 152 359
36 96 36 100
191 620 193 621
245 304 248 307
142 526 143 529
8 388 9 390
128 582 130 585
209 618 211 621
136 500 138 500
270 70 270 74
171 388 173 390
61 504 62 505
133 591 135 591
283 158 284 160
36 258 38 260
4 127 6 127
220 467 220 469
284 140 285 142
14 368 17 369
249 385 251 385
241 90 243 92
285 420 287 423
146 323 149 326
327 55 328 57
159 545 162 547
266 131 267 132
