200 1000
96 69 
30 144 
132 93 
87 171 
115 101 
33 138 
46 17 
156 195 
20 167 
12 20 
129 60 
173 99 
142 90 
172 90 
182 16 
97 175 
99 198 
36 144 
151 72 
169 54 
112 104 
36 22 
198 63 
179 171 
169 82 
197 164 
169 142 
179 120 
99 77 
143 79 
89 161 
82 107 
136 3 
109 167 
148 144 
53 72 
46 157 
98 171 
42 109 
120 67 
16 138 
133 194 
100 57 
1 186 
76 10 
3 173 
4 178 
64 82 
55 167 
27 153 
141 9 
197 114 
4 32 
27 197 
59 33 
161 197 
154 161 
101 148 
101 179 
30 21 
130 116 
164 128 
151 198 
196 167 
174 109 
142 71 
90 86 
199 112 
3 94 
73 165 
84 34 
94 37 
49 13 
107 63 
152 0 
73 33 
145 160 
30 160 
74 160 
81 16 
42 90 
146 184 
120 197 
163 91 
112 13 
126 28 
166 138 
198 103 
75 186 
192 109 
25 193 
0 83 
53 183 
2 17 
158 90 
27 144 
172 129 
191 72 
6 105 
4 10 
84 137 
68 136 
121 90 
105 12 
25 12 
101 24 
99 132 
155 41 
199 196 
59 117 
148 103 
123 97 
37 110 
8 144 
101 151 
97 31 
19 124 
24 12 
62 120 
73 5 
62 90 
102 197 
84 18 
23 116 
191 30 
157 167 
85 151 
138 184 
45 10 
62 12 
38 126 
104 198 
168 50 
93 114 
105 110 
18 130 
105 17 
76 121 
87 131 
131 141 
59 98 
106 197 
168 136 
151 141 
20 90 
54 50 
22 1 
7 24 
55 74 
131 90 
166 50 
194 176 
100 73 
149 13 
99 136 
171 142 
5 95 
50 130 
34 191 
146 90 
152 172 
119 144 
101 133 
6 10 
137 126 
191 41 
70 159 
158 0 
84 129 
167 66 
189 82 
3 189 
84 72 
105 171 
149 145 
45 18 
3 114 
9 85 
45 32 
196 65 
149 31 
76 49 
104 96 
48 138 
17 103 
1 10 
97 96 
137 116 
73 157 
48 98 
161 44 
26 94 
62 127 
51 43 
54 55 
1 104 
11 146 
38 125 
199 28 
111 42 
151 90 
172 147 
120 31 
152 89 
105 122 
101 90 
185 138 
84 138 
115 177 
174 130 
76 135 
131 34 
77 181 
177 190 
128 52 
75 193 
189 120 
41 197 
133 18 
70 102 
50 138 
131 163 
91 38 
134 37 
125 105 
129 142 
142 114 
95 114 
57 47 
93 41 
82 197 
78 38 
94 63 
31 57 
121 83 
180 156 
93 198 
155 156 
27 32 
159 37 
54 21 
33 157 
9 197 
76 112 
191 184 
73 28 
87 122 
102 79 
172 37 
140 167 
25 84 
84 142 
157 110 
99 37 
151 125 
149 190 
130 90 
137 87 
80 66 
125 156 
100 70 
25 14 
172 116 
104 177 
0 31 
87 120 
59 167 
24 122 
73 47 
170 90 
185 157 
89 95 
50 154 
110 107 
69 16 
124 114 
91 113 
97 171 
199 142 
117 127 
104 171 
84 22 
27 95 
132 37 
81 135 
91 82 
51 73 
84 86 
55 192 
74 95 
53 60 
70 177 
36 20 
26 31 
21 13 
35 150 
159 157 
100 83 
184 135 
187 41 
191 95 
152 108 
35 174 
170 99 
174 37 
158 118 
61 19 
54 122 
96 142 
127 178 
51 20 
71 116 
42 199 
144 108 
53 41 
161 30 
18 124 
190 65 
27 14 
163 75 
32 83 
66 79 
41 39 
152 90 
189 6 
169 109 
107 79 
87 31 
70 76 
169 81 
48 129 
14 185 
25 85 
102 198 
28 176 
31 90 
72 182 
199 18 
89 42 
123 66 
59 16 
199 14 
94 95 
172 6 
7 40 
22 173 
113 167 
89 145 
55 172 
80 19 
68 135 
74 96 
85 138 
133 60 
51 118 
76 72 
193 36 
145 86 
68 171 
102 65 
144 32 
48 47 
127 143 
196 56 
89 75 
133 109 
48 109 
18 158 
171 17 
193 97 
90 43 
107 164 
155 88 
119 35 
113 149 
8 131 
7 16 
178 0 
35 74 
31 71 
103 72 
125 98 
126 24 
151 47 
192 65 
26 11 
50 0 
137 43 
101 51 
56 120 
155 15 
97 179 
87 58 
88 56 
107 46 
187 112 
178 182 
14 90 
131 173 
166 194 
99 150 
48 135 
119 193 
193 135 
100 137 
122 23 
33 47 
104 196 
134 30 
30 165 
112 110 
172 196 
105 138 
8 65 
171 72 
7 49 
80 74 
80 40 
26 82 
155 193 
157 90 
75 31 
152 120 
133 148 
67 57 
118 82 
70 152 
145 90 
55 4 
159 113 
199 48 
67 20 
155 117 
80 67 
146 12 
50 134 
47 106 
170 176 
198 116 
41 148 
11 15 
0 12 
57 5 
50 142 
72 43 
113 0 
172 189 
51 53 
109 164 
139 120 
134 166 
144 132 
35 24 
12 15 
6 171 
121 16 
78 162 
149 90 
192 15 
105 63 
69 105 
69 183 
81 121 
191 178 
140 59 
118 148 
95 145 
191 142 
4 187 
22 165 
159 139 
131 36 
36 156 
177 99 
42 146 
76 111 
35 112 
81 9 
95 2 
84 1 
38 69 
48 187 
148 140 
81 91 
143 98 
20 72 
118 106 
78 108 
24 72 
192 195 
161 113 
136 192 
35 75 
21 72 
54 22 
126 79 
32 125 
9 82 
99 167 
198 186 
69 31 
112 40 
144 82 
169 182 
97 52 
123 103 
143 90 
169 140 
80 118 
88 170 
146 114 
99 171 
102 12 
25 70 
163 33 
92 190 
153 129 
168 41 
25 83 
168 156 
134 172 
168 196 
118 198 
192 90 
162 155 
193 165 
58 79 
123 90 
101 157 
181 139 
129 2 
177 32 
87 178 
143 31 
31 157 
130 178 
96 72 
130 153 
171 175 
160 31 
155 144 
42 145 
25 167 
121 86 
27 167 
14 20 
146 168 
80 28 
196 40 
155 135 
27 112 
8 67 
89 86 
55 142 
174 198 
0 107 
73 69 
88 24 
25 16 
192 189 
10 23 
113 93 
180 52 
15 142 
159 81 
96 97 
149 129 
180 90 
49 160 
119 109 
21 16 
119 45 
151 99 
169 75 
7 158 
33 28 
69 129 
31 124 
65 64 
45 136 
180 171 
109 127 
6 90 
126 10 
127 90 
169 163 
165 15 
166 148 
116 15 
22 16 
165 184 
38 174 
35 47 
129 143 
73 41 
67 52 
1 148 
144 165 
178 183 
38 192 
152 22 
168 143 
170 154 
3 180 
93 67 
56 130 
144 142 
67 90 
104 93 
18 140 
174 193 
49 10 
30 86 
10 192 
169 187 
16 2 
1 75 
55 42 
91 173 
168 126 
78 85 
96 195 
155 85 
187 12 
74 167 
100 15 
166 49 
26 44 
79 150 
189 16 
137 127 
87 13 
22 179 
168 28 
178 102 
58 69 
20 160 
140 196 
84 26 
70 172 
40 52 
6 72 
70 186 
51 126 
113 190 
3 130 
47 90 
131 6 
78 159 
7 171 
49 90 
85 189 
26 18 
63 176 
86 186 
129 12 
35 146 
175 12 
43 108 
136 167 
169 122 
134 136 
121 30 
55 120 
53 142 
185 82 
196 12 
73 126 
135 86 
87 198 
7 165 
199 8 
67 77 
72 90 
136 171 
49 179 
187 129 
190 57 
67 198 
163 144 
0 90 
78 185 
89 12 
176 167 
88 41 
78 146 
24 47 
39 198 
179 198 
55 33 
69 148 
4 100 
112 171 
119 14 
25 8 
193 13 
171 197 
137 142 
166 12 
83 33 
57 198 
36 192 
111 144 
87 170 
6 186 
41 82 
196 90 
134 194 
157 138 
81 89 
93 94 
105 47 
166 179 
49 129 
187 190 
14 95 
34 39 
51 161 
7 72 
163 5 
166 146 
8 121 
51 31 
84 90 
132 86 
170 153 
136 184 
22 93 
134 154 
145 167 
3 12 
159 119 
194 195 
42 16 
161 130 
152 40 
9 140 
80 115 
133 81 
130 156 
134 66 
54 6 
189 165 
178 120 
87 30 
4 22 
89 137 
149 44 
158 145 
45 73 
193 20 
177 93 
155 82 
179 60 
187 132 
140 186 
119 6 
9 180 
109 171 
122 142 
13 90 
190 47 
53 21 
88 127 
87 110 
11 86 
144 145 
173 150 
23 12 
84 49 
25 120 
190 145 
74 159 
165 66 
91 2 
185 60 
18 167 
11 138 
99 140 
195 108 
188 98 
179 23 
54 146 
97 190 
8 95 
166 189 
25 177 
96 120 
169 121 
87 136 
170 45 
87 19 
186 138 
4 166 
101 13 
69 113 
74 16 
144 143 
146 27 
68 192 
49 194 
54 0 
115 83 
26 76 
108 183 
101 102 
89 62 
23 62 
28 0 
29 133 
152 136 
27 125 
199 158 
13 47 
177 48 
40 56 
102 157 
57 138 
150 165 
34 144 
190 94 
109 28 
20 188 
1 72 
25 60 
16 165 
48 153 
21 197 
34 41 
50 82 
74 20 
187 186 
142 135 
25 18 
127 138 
26 42 
127 108 
37 21 
196 109 
148 130 
7 148 
100 41 
191 187 
96 107 
44 58 
155 102 
143 59 
112 90 
95 90 
54 165 
82 165 
187 32 
16 86 
13 92 
178 83 
130 197 
40 28 
47 2 
76 2 
52 47 
131 171 
1 21 
155 197 
51 111 
57 110 
93 150 
144 37 
179 98 
189 33 
185 121 
173 138 
7 15 
152 78 
145 164 
119 142 
174 140 
3 90 
16 186 
113 67 
191 137 
159 170 
112 130 
58 47 
118 21 
36 58 
100 169 
40 72 
111 17 
67 72 
101 97 
172 165 
101 134 
35 116 
27 198 
78 163 
41 20 
101 169 
25 39 
132 122 
97 73 
87 148 
25 185 
22 12 
22 197 
75 6 
195 90 
51 16 
94 98 
174 163 
70 48 
62 167 
4 12 
27 82 
27 46 
60 90 
133 16 
174 73 
0 72 
137 63 
101 53 
191 148 
193 127 
8 130 
194 48 
0 67 
89 143 
198 124 
11 25 
137 1 
42 167 
194 68 
115 175 
114 61 
131 7 
168 45 
51 113 
109 179 
121 125 
73 12 
152 176 
8 76 
155 70 
144 184 
68 7 
171 195 
89 29 
14 77 
100 102 
147 45 
30 123 
198 90 
155 129 
70 189 
75 135 
180 173 
167 39 
80 27 
161 88 
149 105 
158 197 
27 182 
75 37 
14 47 
111 16 
191 40 
81 17 
81 52 
123 27 
53 75 
34 90 
163 85 
7 63 
87 95 
69 90 
122 32 
137 139 
183 156 
24 96 
35 191 
21 138 
36 69 
53 80 
60 40 
24 138 
82 178 
104 167 
62 140 
185 79 
190 12 
78 175 
155 72 
25 192 
11 82 
163 16 
197 90 
167 72 
118 172 
171 90 
134 123 
174 177 
