1000 10000
100 430 
915 912 
555 800 
810 0 
940 636 
159 430 
313 168 
788 730 
656 822 
769 713 
419 321 
999 425 
673 586 
896 355 
905 877 
947 852 
569 625 
751 703 
549 175 
217 350 
358 940 
587 17 
412 852 
22 107 
684 936 
349 76 
605 636 
797 38 
637 356 
235 898 
380 985 
212 259 
551 176 
131 558 
779 357 
208 387 
609 70 
921 708 
768 409 
546 115 
545 297 
534 211 
295 522 
489 497 
856 625 
159 423 
753 382 
649 440 
144 126 
141 360 
688 707 
711 282 
635 135 
830 817 
372 891 
664 592 
6 610 
921 520 
104 621 
968 80 
470 619 
600 599 
277 606 
343 117 
881 840 
158 35 
136 155 
588 437 
524 859 
265 200 
198 139 
298 653 
862 401 
251 161 
314 725 
946 842 
168 679 
577 619 
946 832 
684 557 
367 537 
991 392 
797 618 
77 352 
27 194 
651 165 
39 543 
342 258 
583 586 
73 586 
731 980 
777 184 
96 33 
847 680 
254 383 
577 81 
561 208 
7 187 
481 245 
328 679 
40 948 
620 545 
315 126 
472 844 
891 438 
128 225 
291 553 
907 164 
585 319 
110 89 
202 766 
8 876 
393 204 
56 941 
594 973 
101 882 
12 350 
466 248 
994 116 
244 887 
488 271 
735 929 
388 953 
3 476 
508 676 
869 574 
274 723 
147 378 
189 809 
513 982 
392 176 
517 163 
602 172 
773 320 
161 969 
144 339 
863 685 
889 593 
220 599 
773 104 
15 81 
788 451 
498 962 
504 700 
534 802 
409 126 
275 624 
161 36 
56 809 
78 93 
751 585 
320 746 
770 828 
560 775 
496 952 
4 470 
221 828 
665 360 
404 279 
309 39 
540 953 
755 827 
947 143 
745 350 
5 319 
483 589 
615 47 
13 999 
289 586 
150 575 
103 695 
559 21 
783 92 
412 653 
283 657 
439 316 
372 168 
399 858 
893 931 
459 832 
612 38 
486 684 
852 430 
883 79 
231 282 
932 645 
77 434 
987 366 
456 735 
651 644 
930 890 
156 583 
922 618 
559 901 
335 85 
867 586 
739 21 
555 846 
99 222 
888 55 
41 705 
583 300 
758 260 
789 90 
468 975 
524 757 
68 44 
128 710 
330 586 
687 832 
895 724 
583 231 
578 895 
202 990 
846 690 
72 701 
691 522 
131 41 
875 324 
414 350 
136 619 
549 350 
369 262 
490 430 
721 777 
493 675 
789 312 
659 782 
6 343 
517 64 
572 586 
954 343 
22 586 
577 389 
340 305 
925 586 
611 433 
879 622 
559 648 
659 586 
880 102 
546 46 
219 817 
516 864 
48 749 
938 378 
734 290 
517 395 
23 985 
147 362 
551 553 
919 871 
667 519 
480 913 
632 831 
122 618 
409 705 
495 656 
113 742 
985 13 
612 868 
65 330 
148 158 
70 675 
671 12 
744 640 
331 615 
103 796 
109 771 
973 531 
12 537 
996 952 
115 391 
46 79 
208 640 
495 677 
915 390 
361 610 
206 137 
162 427 
327 525 
339 856 
590 504 
121 961 
551 656 
819 777 
51 887 
440 266 
759 364 
784 622 
609 14 
923 684 
459 728 
872 481 
828 351 
477 574 
349 604 
355 983 
761 471 
883 67 
46 757 
612 953 
957 335 
123 260 
903 430 
923 215 
262 774 
383 787 
587 51 
890 379 
532 791 
108 694 
148 591 
325 932 
495 605 
254 838 
56 525 
216 491 
431 389 
971 446 
270 868 
694 575 
554 85 
197 860 
184 279 
371 328 
39 782 
366 514 
259 350 
356 29 
313 301 
753 732 
192 821 
168 545 
17 645 
313 399 
971 12 
465 352 
106 500 
661 725 
928 115 
506 831 
767 192 
631 421 
610 133 
42 951 
555 350 
834 952 
882 667 
195 462 
458 594 
730 973 
520 68 
875 376 
164 453 
998 286 
153 92 
702 649 
661 995 
431 732 
869 447 
712 545 
551 100 
954 669 
440 453 
87 913 
534 124 
727 37 
699 232 
951 92 
22 828 
389 563 
332 586 
218 826 
788 824 
885 522 
431 307 
614 586 
812 13 
768 434 
349 664 
939 525 
266 624 
954 630 
524 24 
611 407 
501 777 
504 986 
392 570 
450 623 
850 610 
383 888 
674 345 
956 136 
688 834 
660 725 
134 952 
768 681 
254 715 
522 79 
18 693 
332 814 
467 681 
934 594 
654 807 
150 864 
577 299 
453 764 
155 162 
449 724 
75 494 
266 348 
818 737 
495 867 
34 905 
290 513 
893 575 
241 151 
351 457 
78 178 
40 586 
902 461 
694 705 
845 777 
237 768 
907 456 
735 686 
382 283 
873 416 
800 340 
388 792 
811 563 
290 195 
181 515 
861 168 
315 854 
221 98 
837 906 
886 99 
307 350 
847 149 
600 294 
512 708 
248 705 
660 969 
865 504 
898 55 
915 410 
195 650 
45 621 
848 424 
588 489 
408 25 
919 586 
294 133 
359 598 
812 794 
288 444 
303 328 
794 305 
292 686 
945 253 
895 191 
472 673 
215 894 
309 216 
657 717 
361 225 
207 267 
437 391 
867 537 
704 695 
789 623 
135 615 
526 33 
806 326 
887 479 
596 236 
200 495 
355 491 
682 40 
720 500 
885 462 
449 180 
653 139 
629 825 
543 194 
734 162 
53 582 
298 421 
779 737 
84 783 
369 284 
705 765 
310 110 
289 126 
66 191 
391 481 
635 913 
888 505 
154 626 
763 55 
27 169 
481 656 
825 729 
62 192 
564 586 
5 220 
382 21 
995 572 
527 160 
121 677 
609 766 
254 346 
484 370 
312 667 
236 525 
349 586 
293 691 
9 491 
424 190 
213 666 
546 350 
432 448 
539 511 
210 781 
768 124 
120 450 
558 642 
517 516 
450 522 
804 901 
52 633 
968 940 
308 377 
551 704 
124 482 
911 151 
200 338 
114 854 
46 443 
542 983 
167 705 
628 574 
103 193 
509 901 
881 619 
904 187 
599 721 
718 941 
820 600 
458 833 
397 365 
918 675 
43 805 
169 488 
400 89 
616 950 
671 221 
123 933 
604 817 
98 505 
542 803 
898 984 
839 509 
950 424 
262 397 
102 163 
73 944 
210 834 
712 9 
125 946 
748 40 
587 362 
180 493 
697 344 
551 403 
720 764 
259 55 
928 552 
626 667 
332 533 
26 442 
689 79 
934 864 
254 4 
766 445 
313 830 
228 585 
975 908 
409 81 
254 299 
316 341 
907 90 
826 137 
405 924 
770 599 
213 414 
112 493 
516 687 
52 797 
123 238 
401 564 
341 239 
917 376 
413 743 
382 665 
301 523 
263 79 
307 717 
308 146 
199 331 
837 959 
630 860 
965 709 
899 138 
933 487 
75 587 
836 536 
814 249 
998 267 
895 270 
110 966 
515 877 
682 864 
744 174 
823 111 
768 762 
500 586 
412 605 
693 180 
30 681 
213 232 
72 569 
327 329 
466 330 
29 166 
994 180 
166 644 
818 233 
642 294 
75 750 
171 451 
239 189 
82 40 
39 454 
859 586 
357 233 
801 473 
120 246 
714 29 
606 148 
219 982 
38 803 
640 678 
652 944 
769 287 
419 901 
297 634 
4 638 
981 527 
969 572 
161 423 
994 938 
104 430 
934 488 
788 901 
492 569 
66 404 
189 792 
504 836 
516 27 
596 102 
468 586 
310 569 
917 60 
740 377 
858 130 
325 582 
960 81 
356 730 
569 294 
75 968 
59 427 
616 557 
402 713 
745 636 
632 935 
776 513 
93 589 
768 826 
629 131 
626 758 
856 574 
888 521 
113 695 
212 277 
874 633 
228 749 
38 802 
544 162 
242 55 
115 105 
123 907 
587 889 
650 224 
112 215 
439 360 
810 525 
671 644 
879 876 
911 585 
518 105 
642 536 
268 214 
799 562 
114 350 
960 650 
30 404 
61 880 
845 355 
53 652 
247 976 
815 347 
895 242 
881 614 
527 231 
448 231 
142 715 
556 340 
985 350 
129 482 
439 350 
975 234 
230 838 
586 586 
498 733 
701 528 
799 402 
866 385 
549 403 
29 605 
371 740 
157 48 
740 25 
261 700 
23 38 
996 809 
440 974 
63 380 
194 301 
534 156 
790 520 
871 729 
741 242 
968 640 
148 758 
819 991 
853 895 
199 707 
856 903 
94 93 
153 610 
419 529 
100 973 
991 13 
869 414 
721 522 
788 236 
512 882 
396 260 
511 581 
790 676 
865 487 
510 723 
944 726 
468 637 
606 284 
532 229 
284 165 
512 586 
949 594 
664 997 
183 181 
15 594 
937 968 
338 334 
290 238 
332 234 
230 500 
52 319 
737 168 
160 644 
914 464 
359 502 
907 249 
619 764 
23 756 
926 844 
204 578 
529 302 
95 888 
938 328 
937 442 
629 584 
332 551 
693 276 
127 531 
671 586 
380 58 
471 729 
878 450 
754 294 
335 580 
659 178 
450 61 
135 955 
690 350 
934 553 
182 305 
826 913 
259 472 
573 105 
649 25 
711 961 
212 726 
804 739 
958 404 
336 69 
221 504 
926 586 
970 98 
886 985 
560 803 
947 694 
706 757 
56 290 
211 938 
87 964 
315 202 
362 126 
937 680 
984 599 
25 901 
495 836 
542 270 
659 298 
131 543 
679 225 
986 471 
985 586 
26 62 
414 117 
737 271 
511 132 
23 258 
865 329 
292 276 
409 550 
228 941 
487 586 
200 668 
201 990 
24 330 
315 891 
516 496 
410 747 
511 543 
221 329 
139 972 
579 913 
872 307 
765 859 
863 752 
315 675 
561 66 
337 911 
8 115 
214 720 
229 986 
869 761 
355 664 
680 557 
463 563 
403 252 
885 71 
878 246 
147 351 
277 934 
847 177 
431 560 
536 924 
733 113 
920 661 
769 2 
273 504 
699 103 
331 341 
801 652 
655 481 
303 984 
203 832 
566 52 
376 474 
602 248 
965 715 
9 758 
388 507 
292 687 
469 832 
627 550 
945 330 
902 315 
302 949 
314 730 
77 791 
724 572 
272 293 
648 803 
307 710 
155 388 
589 924 
392 683 
965 50 
755 708 
134 581 
340 256 
279 750 
543 321 
296 865 
720 638 
25 32 
737 710 
29 543 
950 917 
444 282 
268 444 
356 576 
212 791 
846 507 
432 115 
247 485 
255 350 
937 428 
988 202 
962 952 
786 998 
375 459 
579 586 
951 881 
869 487 
380 47 
487 16 
614 572 
700 860 
779 446 
452 747 
269 225 
623 482 
639 294 
719 303 
604 784 
918 886 
836 389 
143 64 
819 420 
421 842 
819 177 
398 705 
669 408 
810 980 
779 741 
611 661 
139 225 
107 666 
759 493 
883 968 
34 411 
534 986 
184 98 
324 469 
526 580 
481 137 
843 884 
564 198 
135 294 
209 644 
848 893 
320 595 
994 400 
305 521 
710 974 
498 297 
548 827 
869 347 
544 205 
435 175 
65 304 
511 586 
506 727 
710 13 
922 633 
432 831 
795 718 
892 115 
251 826 
278 325 
674 360 
501 735 
243 348 
534 730 
877 267 
413 915 
256 46 
910 703 
481 478 
626 177 
670 613 
508 321 
130 64 
771 586 
393 380 
863 498 
714 752 
457 743 
666 282 
559 474 
437 43 
849 959 
309 798 
707 125 
598 448 
521 633 
489 86 
51 348 
525 540 
157 175 
291 984 
451 66 
993 960 
736 942 
473 791 
713 930 
619 941 
508 904 
60 668 
78 948 
137 709 
807 586 
528 803 
358 243 
963 427 
361 20 
265 109 
614 353 
192 99 
157 221 
754 809 
406 760 
920 431 
464 900 
219 977 
780 805 
834 187 
263 15 
955 409 
339 504 
901 535 
963 949 
631 519 
533 970 
797 720 
709 932 
684 295 
577 427 
135 983 
283 787 
138 64 
734 143 
899 624 
737 71 
641 362 
431 564 
634 747 
664 922 
835 3 
383 42 
744 513 
795 710 
315 572 
518 699 
190 644 
883 763 
602 650 
685 55 
355 481 
456 426 
171 322 
496 41 
307 201 
211 320 
504 576 
144 13 
652 831 
135 463 
302 508 
786 392 
703 98 
27 152 
609 229 
696 28 
539 662 
25 798 
54 442 
433 648 
719 274 
0 805 
78 733 
129 149 
494 708 
557 931 
910 748 
272 628 
917 373 
78 66 
118 499 
665 350 
423 187 
949 809 
635 85 
649 355 
29 42 
603 893 
967 183 
144 136 
40 373 
872 848 
899 338 
162 245 
135 519 
304 633 
446 236 
668 454 
905 350 
971 191 
84 832 
447 703 
517 350 
355 790 
43 389 
702 374 
587 366 
203 965 
367 158 
376 83 
818 208 
254 232 
626 603 
676 757 
873 834 
667 632 
461 967 
285 477 
182 670 
981 878 
70 360 
49 297 
698 28 
239 500 
160 234 
282 514 
339 925 
287 524 
711 155 
1 403 
275 397 
209 656 
313 661 
652 71 
104 710 
20 900 
262 990 
911 791 
48 98 
933 67 
480 901 
587 336 
542 891 
696 117 
243 142 
516 89 
722 760 
812 688 
539 390 
298 998 
63 490 
332 869 
641 72 
217 443 
183 799 
797 259 
620 67 
374 530 
485 730 
183 812 
925 721 
935 607 
106 986 
115 140 
495 577 
66 707 
52 732 
436 132 
626 957 
73 673 
85 633 
317 143 
92 929 
413 20 
557 621 
884 930 
496 953 
526 116 
659 82 
538 827 
702 287 
53 88 
712 673 
436 805 
355 21 
649 600 
339 1 
59 681 
957 267 
940 345 
534 651 
566 488 
895 340 
262 253 
419 733 
424 653 
790 517 
400 178 
620 802 
838 979 
308 642 
534 78 
928 525 
850 425 
298 730 
889 829 
951 864 
937 629 
955 715 
814 537 
253 139 
542 99 
651 455 
631 656 
132 807 
511 794 
9 440 
236 970 
261 90 
630 295 
487 442 
447 884 
17 224 
696 958 
6 483 
317 98 
314 379 
60 286 
380 964 
769 730 
616 422 
141 352 
805 586 
785 299 
169 376 
819 809 
675 574 
626 414 
786 703 
348 879 
390 10 
41 904 
500 752 
864 119 
260 81 
386 487 
16 411 
948 20 
516 947 
590 379 
75 413 
169 306 
153 441 
668 92 
216 269 
873 944 
222 231 
570 756 
444 481 
794 586 
592 930 
193 270 
390 270 
816 713 
463 185 
125 713 
292 427 
796 990 
104 613 
275 570 
729 932 
488 407 
449 60 
738 540 
104 294 
420 973 
196 569 
812 614 
334 176 
517 34 
332 438 
980 190 
441 157 
480 20 
95 222 
331 980 
60 807 
951 923 
632 876 
275 743 
787 653 
669 586 
777 675 
484 722 
868 300 
352 586 
806 429 
221 733 
22 27 
991 43 
700 586 
221 62 
787 51 
832 860 
335 900 
821 167 
955 92 
623 930 
611 936 
89 747 
786 201 
77 427 
588 226 
873 291 
814 532 
936 223 
448 716 
869 148 
222 197 
510 358 
637 852 
920 151 
147 246 
967 74 
914 190 
734 552 
555 545 
68 656 
267 832 
274 926 
735 769 
358 557 
444 538 
827 657 
966 673 
126 515 
503 423 
993 15 
872 137 
991 149 
206 674 
320 53 
172 540 
963 99 
88 464 
468 741 
181 668 
184 336 
317 171 
973 69 
843 70 
124 638 
127 509 
126 725 
164 134 
960 969 
346 931 
401 431 
602 718 
769 445 
722 905 
956 442 
209 343 
441 180 
546 656 
21 13 
419 17 
945 234 
118 257 
60 316 
637 275 
891 267 
954 275 
481 792 
994 730 
519 500 
309 493 
259 700 
397 643 
243 423 
596 10 
112 354 
744 743 
77 922 
508 112 
217 586 
62 801 
659 913 
713 13 
670 191 
550 632 
153 820 
2 319 
266 68 
54 675 
502 293 
169 526 
44 396 
203 39 
373 989 
433 215 
683 675 
311 115 
955 380 
868 16 
430 37 
986 660 
362 995 
60 826 
148 46 
190 179 
156 426 
532 826 
994 444 
361 396 
127 811 
292 810 
355 586 
602 727 
967 110 
928 768 
767 394 
358 500 
606 10 
923 427 
484 496 
641 511 
388 471 
755 432 
281 41 
759 389 
571 824 
420 795 
272 70 
587 983 
285 586 
208 132 
483 586 
861 974 
951 232 
249 201 
946 913 
838 328 
490 137 
963 700 
449 986 
27 931 
555 812 
957 656 
699 198 
896 741 
80 607 
115 508 
609 364 
320 532 
862 653 
413 610 
725 521 
731 396 
274 666 
188 41 
463 601 
150 880 
54 74 
980 936 
26 346 
874 772 
18 606 
787 16 
284 354 
219 928 
718 71 
858 586 
448 660 
789 85 
80 935 
889 960 
995 158 
803 677 
590 652 
101 720 
292 341 
335 764 
370 811 
739 736 
879 976 
7 174 
564 173 
507 864 
413 727 
183 20 
235 775 
65 238 
744 603 
647 481 
639 91 
243 957 
54 134 
554 525 
243 469 
721 927 
957 146 
643 80 
131 377 
296 749 
299 81 
590 93 
247 629 
214 93 
452 229 
846 740 
808 13 
349 319 
288 372 
629 544 
284 504 
937 626 
795 973 
984 525 
659 170 
608 639 
308 51 
994 205 
380 636 
625 329 
8 672 
246 563 
306 379 
308 865 
77 993 
232 887 
911 656 
78 682 
62 241 
167 667 
812 539 
374 306 
779 436 
835 279 
239 391 
771 729 
958 81 
383 868 
551 917 
253 477 
501 523 
401 258 
247 564 
996 695 
946 716 
529 897 
571 655 
266 207 
3 87 
512 187 
889 732 
274 828 
550 351 
42 407 
299 253 
308 405 
384 715 
29 586 
591 674 
818 76 
609 727 
862 817 
484 856 
816 932 
990 50 
87 356 
134 841 
258 597 
157 514 
881 396 
517 795 
845 528 
740 168 
923 851 
9 222 
979 924 
516 222 
23 643 
419 723 
371 438 
92 618 
267 586 
182 695 
675 20 
27 184 
546 564 
733 662 
520 330 
872 654 
948 653 
664 662 
128 707 
93 631 
157 951 
102 946 
82 644 
331 116 
556 855 
566 686 
602 891 
641 586 
876 586 
521 717 
810 420 
641 529 
588 876 
524 84 
263 447 
89 70 
910 67 
467 459 
797 568 
391 454 
436 373 
62 765 
108 478 
9 647 
588 709 
281 930 
876 531 
274 273 
707 952 
934 921 
309 773 
342 199 
66 695 
169 600 
983 757 
18 642 
902 102 
690 839 
551 169 
902 258 
236 840 
946 500 
461 403 
766 570 
602 133 
557 979 
545 914 
313 391 
963 648 
338 580 
596 115 
36 585 
503 798 
75 907 
77 51 
768 126 
837 19 
298 586 
934 176 
356 639 
943 434 
887 586 
0 756 
25 715 
792 116 
662 758 
608 808 
506 586 
237 182 
382 730 
898 137 
720 614 
367 975 
156 265 
29 477 
107 783 
171 963 
418 99 
896 961 
32 448 
720 775 
797 215 
784 594 
503 320 
440 276 
120 114 
222 269 
148 262 
761 856 
253 985 
48 391 
372 560 
447 387 
15 736 
265 196 
344 762 
392 747 
641 650 
480 684 
818 27 
857 900 
120 309 
938 225 
229 410 
845 778 
67 876 
356 74 
445 86 
456 4 
735 724 
711 802 
94 179 
489 844 
924 98 
171 884 
845 593 
236 445 
314 905 
957 586 
820 222 
61 979 
418 785 
458 912 
523 430 
9 873 
404 396 
594 553 
93 287 
551 908 
944 329 
940 20 
449 969 
773 655 
89 695 
813 157 
753 73 
444 867 
293 941 
322 787 
408 809 
776 54 
573 169 
302 723 
129 457 
897 191 
18 700 
469 500 
558 161 
997 576 
434 294 
706 442 
54 965 
671 13 
167 190 
369 29 
120 884 
642 285 
590 586 
609 486 
684 119 
573 270 
181 862 
755 743 
722 825 
918 588 
159 328 
156 743 
872 676 
943 832 
779 433 
239 33 
533 414 
388 924 
518 908 
551 488 
569 749 
157 40 
388 12 
520 665 
105 700 
862 582 
104 639 
945 653 
456 352 
933 960 
400 737 
191 35 
805 681 
806 737 
899 441 
383 64 
302 933 
533 504 
241 486 
688 586 
616 796 
23 917 
349 886 
94 803 
310 857 
735 206 
635 512 
316 992 
125 286 
99 586 
107 167 
683 215 
80 586 
951 662 
404 874 
358 31 
441 669 
850 499 
401 276 
806 594 
402 32 
811 122 
596 94 
60 743 
49 500 
300 363 
971 938 
490 233 
568 523 
921 705 
230 168 
109 298 
398 116 
576 673 
200 590 
568 978 
998 610 
706 377 
104 637 
674 191 
394 200 
315 225 
928 66 
510 92 
522 133 
350 416 
185 700 
68 611 
181 618 
144 189 
615 586 
909 323 
759 346 
292 84 
132 276 
313 893 
131 335 
871 231 
848 439 
628 844 
225 903 
899 30 
116 657 
398 285 
680 610 
984 995 
501 586 
553 360 
787 808 
823 811 
270 416 
701 552 
296 405 
729 989 
501 656 
691 376 
1 612 
89 903 
274 412 
849 179 
152 586 
592 565 
200 232 
542 253 
359 176 
850 970 
244 586 
902 712 
369 0 
534 923 
8 362 
221 715 
148 420 
85 704 
69 368 
886 300 
721 416 
624 775 
27 828 
275 986 
17 834 
452 385 
497 519 
490 459 
968 901 
247 777 
26 743 
385 86 
549 988 
52 53 
241 410 
680 232 
287 834 
835 899 
117 614 
734 386 
32 613 
509 152 
409 339 
958 518 
674 982 
7 68 
646 253 
287 627 
562 832 
947 229 
934 902 
235 402 
17 420 
666 832 
56 229 
739 709 
918 994 
356 117 
551 459 
843 67 
723 998 
796 79 
226 775 
510 703 
786 640 
56 187 
271 628 
662 923 
776 26 
808 889 
143 648 
36 173 
415 860 
556 94 
101 195 
662 395 
131 64 
270 732 
604 140 
530 48 
641 466 
988 834 
855 144 
917 302 
465 975 
344 488 
449 784 
86 541 
335 197 
292 342 
174 88 
740 350 
241 867 
440 818 
604 542 
31 92 
413 784 
148 13 
748 522 
885 870 
9 372 
372 331 
876 657 
420 579 
789 444 
466 319 
218 648 
297 687 
44 763 
181 605 
95 121 
835 8 
869 413 
761 191 
23 539 
672 119 
958 579 
308 774 
659 944 
651 45 
778 336 
933 614 
169 88 
230 727 
270 636 
867 924 
38 938 
865 223 
530 633 
925 599 
405 939 
335 427 
669 905 
907 287 
988 997 
620 841 
134 615 
690 633 
399 277 
870 673 
958 46 
144 474 
855 470 
312 248 
432 618 
779 585 
749 660 
538 13 
247 739 
452 775 
994 46 
767 519 
193 832 
67 644 
646 998 
244 86 
22 944 
806 331 
268 717 
308 838 
626 977 
799 96 
818 396 
915 543 
554 500 
725 119 
687 132 
604 20 
970 294 
155 58 
522 217 
274 378 
156 591 
823 930 
326 850 
604 328 
941 250 
207 678 
805 757 
334 743 
855 454 
963 653 
551 991 
569 202 
829 560 
124 153 
178 443 
834 44 
132 716 
403 884 
702 604 
209 894 
264 376 
30 687 
579 890 
981 618 
178 365 
277 288 
243 528 
534 98 
993 927 
759 752 
807 177 
497 966 
952 987 
241 66 
360 704 
848 104 
301 880 
332 420 
388 624 
991 644 
235 923 
834 366 
462 478 
914 191 
633 973 
424 663 
859 716 
106 693 
587 166 
892 644 
647 868 
649 867 
649 603 
464 47 
388 525 
506 888 
671 729 
667 55 
348 627 
797 692 
601 347 
509 42 
391 300 
980 129 
273 39 
174 34 
92 973 
6 194 
971 61 
878 152 
264 978 
287 728 
301 728 
96 163 
913 586 
820 778 
42 586 
929 231 
221 35 
814 650 
160 138 
956 563 
835 103 
872 322 
209 586 
608 367 
776 541 
5 681 
42 167 
732 417 
699 990 
562 758 
251 23 
204 616 
570 876 
70 933 
451 118 
716 253 
57 67 
806 319 
190 586 
70 827 
925 911 
993 202 
463 441 
543 636 
418 202 
808 832 
714 137 
110 485 
214 20 
189 687 
492 119 
180 563 
795 522 
376 253 
920 807 
698 747 
38 202 
277 821 
210 486 
14 694 
908 949 
517 758 
6 169 
307 47 
518 7 
17 741 
390 119 
634 942 
300 86 
160 758 
730 692 
337 112 
832 586 
8 248 
542 710 
712 985 
755 703 
409 454 
719 373 
917 876 
96 352 
558 149 
913 757 
706 396 
216 811 
706 723 
689 825 
728 523 
580 586 
531 514 
845 660 
59 730 
845 813 
268 683 
659 691 
623 593 
806 562 
154 511 
299 677 
350 931 
996 391 
662 67 
494 132 
724 180 
851 226 
671 907 
530 20 
939 215 
75 427 
753 517 
289 167 
263 900 
134 336 
305 586 
467 809 
918 732 
398 563 
734 785 
689 161 
619 985 
523 995 
110 228 
666 289 
743 914 
988 127 
689 4 
661 640 
755 118 
130 191 
739 586 
268 202 
523 522 
544 565 
775 935 
995 594 
412 93 
229 7 
790 832 
858 345 
57 830 
4 15 
181 117 
413 170 
702 215 
325 323 
782 535 
440 933 
18 471 
977 367 
355 698 
196 41 
542 34 
285 378 
123 310 
748 586 
801 106 
569 920 
513 433 
152 295 
126 20 
673 645 
501 903 
776 836 
288 102 
340 98 
954 153 
155 731 
603 191 
707 732 
896 312 
896 746 
209 411 
127 82 
647 951 
419 92 
141 691 
306 253 
938 234 
42 160 
910 547 
539 113 
915 889 
394 947 
342 586 
951 401 
771 51 
981 338 
907 362 
871 523 
702 191 
412 970 
671 705 
640 614 
345 805 
779 419 
1 804 
56 7 
646 852 
421 417 
56 586 
827 217 
373 350 
313 990 
434 633 
96 794 
337 668 
94 43 
653 500 
387 715 
843 494 
527 782 
869 941 
409 927 
748 35 
480 765 
156 627 
317 148 
359 596 
852 226 
769 430 
426 504 
578 818 
299 142 
157 451 
846 720 
412 758 
959 777 
38 754 
204 235 
902 78 
981 859 
878 184 
952 832 
608 813 
439 807 
316 363 
3 21 
437 70 
480 274 
684 245 
281 634 
647 244 
497 595 
399 435 
526 586 
562 985 
563 531 
812 670 
241 303 
966 405 
193 57 
332 610 
452 275 
875 316 
100 347 
78 5 
843 585 
980 809 
247 23 
202 238 
355 459 
663 639 
2 388 
211 253 
316 854 
567 658 
756 92 
154 889 
658 242 
261 483 
212 453 
42 281 
506 881 
981 555 
795 805 
616 789 
666 568 
771 520 
0 617 
570 345 
496 686 
686 166 
742 499 
868 180 
155 225 
495 572 
156 679 
95 764 
480 493 
852 941 
288 482 
839 83 
738 765 
776 454 
7 282 
791 677 
353 594 
550 681 
215 586 
519 102 
167 898 
779 44 
94 634 
684 525 
735 560 
555 419 
767 454 
484 883 
435 536 
630 219 
961 50 
277 734 
858 802 
249 778 
746 791 
522 28 
31 488 
915 437 
220 319 
323 386 
193 586 
759 809 
507 267 
650 100 
217 363 
779 174 
940 1 
324 175 
328 675 
310 526 
440 226 
673 972 
394 706 
409 633 
853 506 
125 305 
993 82 
567 914 
107 913 
542 659 
400 447 
265 9 
630 971 
154 389 
81 80 
963 795 
600 849 
437 240 
14 91 
994 489 
616 792 
664 438 
463 224 
132 668 
710 493 
641 933 
602 220 
220 427 
626 656 
182 207 
5 914 
780 55 
182 429 
20 695 
290 637 
461 32 
468 281 
571 301 
259 464 
546 826 
978 217 
601 209 
643 507 
554 20 
691 340 
369 531 
796 695 
203 661 
349 495 
634 105 
142 916 
589 871 
802 942 
994 809 
954 70 
921 925 
102 985 
856 191 
776 350 
303 350 
539 923 
199 607 
767 710 
73 294 
649 230 
410 176 
246 244 
691 163 
224 758 
275 935 
284 115 
415 38 
239 716 
689 393 
543 118 
372 350 
892 806 
728 173 
862 230 
883 957 
245 244 
145 152 
243 100 
127 489 
885 119 
785 794 
62 639 
937 71 
569 469 
281 822 
4 8 
456 665 
296 92 
663 850 
338 946 
937 861 
967 584 
747 12 
109 681 
424 948 
503 468 
748 510 
596 148 
311 860 
899 508 
23 558 
358 507 
82 34 
257 547 
788 527 
503 484 
205 843 
99 15 
482 238 
628 726 
677 455 
562 306 
84 459 
256 137 
977 857 
738 11 
114 253 
310 718 
358 74 
211 674 
626 653 
235 801 
61 944 
396 36 
210 462 
858 92 
644 586 
791 673 
103 46 
219 132 
993 390 
320 655 
174 20 
130 834 
204 631 
337 367 
855 32 
60 583 
779 74 
10 648 
873 969 
853 232 
573 572 
927 995 
971 784 
658 376 
274 59 
409 736 
640 593 
549 865 
390 580 
735 335 
503 459 
285 294 
492 148 
593 618 
991 141 
304 362 
501 398 
910 837 
266 180 
63 741 
771 166 
810 276 
883 317 
171 612 
712 837 
349 705 
559 30 
332 527 
861 920 
210 639 
956 788 
787 227 
469 831 
684 973 
527 843 
958 727 
520 98 
377 172 
369 4 
654 37 
889 458 
288 131 
845 75 
435 985 
273 543 
948 849 
867 341 
968 27 
75 863 
446 417 
795 457 
178 305 
717 540 
946 560 
647 802 
665 443 
546 794 
853 698 
183 786 
359 814 
848 605 
72 964 
434 481 
204 486 
468 604 
335 586 
896 523 
183 579 
450 674 
369 895 
339 724 
202 350 
954 980 
839 205 
737 752 
19 331 
975 826 
968 279 
275 523 
871 354 
643 396 
868 572 
490 30 
773 711 
696 658 
988 452 
637 304 
922 92 
19 431 
753 163 
573 603 
874 172 
72 409 
191 11 
340 224 
504 695 
232 729 
654 433 
718 336 
724 474 
713 807 
31 166 
400 486 
712 272 
226 681 
380 585 
940 520 
599 20 
712 652 
820 957 
923 939 
196 225 
152 20 
371 167 
84 350 
121 825 
359 21 
219 440 
109 586 
690 79 
130 939 
475 217 
922 683 
374 203 
332 745 
516 476 
316 743 
328 389 
902 910 
51 730 
41 859 
498 251 
150 778 
341 469 
792 122 
516 102 
327 652 
343 924 
126 415 
561 216 
819 879 
284 430 
313 94 
349 911 
312 487 
65 628 
534 766 
155 904 
641 870 
481 890 
950 966 
995 890 
737 973 
696 873 
497 824 
561 824 
424 996 
393 280 
874 20 
495 436 
806 703 
87 191 
878 570 
30 639 
315 586 
270 888 
816 27 
579 21 
534 81 
151 668 
666 654 
970 622 
851 462 
604 694 
49 585 
200 714 
784 990 
424 329 
892 311 
719 825 
872 454 
623 703 
857 260 
453 620 
160 589 
331 742 
955 260 
476 724 
979 12 
675 406 
237 781 
846 124 
33 692 
510 805 
205 195 
484 911 
609 523 
658 360 
993 924 
82 917 
230 232 
918 901 
412 618 
770 385 
391 939 
926 337 
415 960 
753 129 
719 662 
342 53 
759 761 
131 244 
431 433 
131 833 
910 315 
265 169 
606 114 
41 108 
885 726 
785 513 
787 410 
261 801 
925 627 
558 900 
927 931 
418 996 
899 58 
498 992 
123 445 
596 327 
569 808 
779 847 
196 920 
142 464 
784 512 
833 966 
682 15 
823 497 
870 410 
349 499 
297 998 
857 656 
30 730 
851 334 
469 681 
910 639 
294 207 
409 451 
107 944 
281 1 
707 913 
53 805 
984 965 
402 272 
49 406 
409 167 
66 213 
623 141 
436 434 
494 137 
262 568 
561 799 
778 550 
268 660 
911 357 
511 721 
470 693 
29 272 
127 220 
82 360 
364 390 
940 170 
561 153 
689 148 
874 238 
696 933 
120 643 
922 982 
505 695 
559 448 
765 742 
93 897 
635 367 
445 255 
690 480 
518 844 
93 704 
33 20 
881 565 
754 822 
362 826 
846 884 
262 521 
580 980 
272 591 
555 749 
529 895 
806 939 
450 686 
123 873 
662 850 
875 97 
875 287 
649 584 
351 28 
976 632 
235 449 
587 214 
581 585 
418 455 
718 169 
384 884 
837 41 
59 283 
293 868 
904 586 
566 641 
788 707 
887 990 
975 427 
719 713 
89 376 
689 706 
566 963 
48 172 
496 615 
712 960 
881 148 
141 829 
234 726 
870 517 
956 451 
612 803 
978 423 
682 917 
702 79 
89 833 
735 730 
789 874 
896 142 
98 422 
790 335 
662 250 
747 464 
424 919 
547 636 
865 552 
778 208 
237 1 
765 98 
120 795 
688 487 
76 685 
146 650 
947 558 
902 363 
516 547 
63 152 
481 482 
142 648 
934 972 
853 131 
359 635 
161 729 
969 173 
946 139 
667 891 
264 202 
408 496 
907 380 
52 748 
990 13 
456 674 
277 270 
879 319 
809 35 
858 809 
492 627 
199 856 
663 430 
458 427 
254 658 
108 175 
436 205 
402 832 
699 316 
206 184 
534 218 
518 662 
780 500 
551 391 
870 655 
883 831 
663 493 
457 176 
440 476 
217 381 
159 917 
489 336 
638 775 
461 748 
606 996 
432 395 
374 343 
946 531 
147 70 
720 985 
238 974 
542 494 
358 618 
647 638 
129 756 
403 134 
735 805 
485 482 
813 15 
768 260 
723 276 
246 586 
705 944 
940 721 
424 809 
302 1 
699 216 
715 88 
335 639 
951 644 
786 217 
18 376 
54 879 
26 976 
297 809 
375 695 
497 924 
603 558 
528 447 
268 499 
648 536 
137 730 
82 12 
524 258 
315 625 
127 19 
977 143 
530 106 
808 387 
529 586 
254 48 
741 55 
991 584 
841 618 
503 441 
853 501 
944 678 
564 35 
398 825 
852 661 
419 484 
52 409 
49 525 
468 407 
498 679 
219 231 
342 351 
10 553 
589 33 
21 319 
918 655 
988 413 
412 742 
6 946 
500 541 
374 763 
823 703 
773 52 
629 246 
201 471 
42 876 
341 751 
144 216 
372 328 
551 611 
124 214 
9 394 
412 325 
825 256 
782 762 
264 293 
121 191 
882 586 
117 525 
927 217 
575 681 
214 451 
364 80 
952 730 
759 104 
845 649 
436 637 
70 828 
152 877 
29 766 
156 102 
672 438 
552 770 
237 940 
629 790 
268 925 
517 343 
27 216 
133 187 
682 730 
185 192 
628 586 
915 901 
355 915 
21 417 
899 279 
135 94 
248 11 
702 925 
857 201 
449 948 
753 966 
159 405 
120 475 
311 866 
694 354 
782 739 
449 84 
833 595 
881 24 
561 978 
817 117 
63 978 
630 346 
254 211 
258 248 
415 912 
663 20 
328 673 
462 525 
166 259 
468 664 
948 707 
265 495 
941 117 
377 576 
361 745 
291 176 
72 177 
274 417 
947 502 
714 829 
52 793 
351 610 
302 19 
297 586 
608 320 
172 79 
731 586 
93 686 
288 260 
337 826 
551 788 
452 897 
986 190 
73 101 
660 887 
738 129 
54 294 
554 856 
804 318 
516 570 
789 30 
351 522 
463 55 
591 471 
507 901 
958 445 
630 821 
705 595 
87 209 
720 192 
313 796 
526 392 
121 390 
103 189 
43 412 
413 933 
376 138 
437 966 
463 611 
764 306 
288 757 
676 353 
190 560 
313 325 
372 867 
156 849 
439 424 
332 964 
651 211 
254 110 
269 295 
436 685 
733 589 
203 350 
899 957 
311 992 
958 519 
342 609 
156 677 
511 213 
564 715 
689 785 
956 269 
451 656 
293 842 
675 729 
339 612 
943 513 
246 289 
168 905 
878 511 
809 935 
808 648 
298 877 
878 470 
473 142 
49 792 
290 356 
150 386 
796 675 
468 847 
845 350 
43 849 
339 833 
299 792 
275 390 
468 153 
856 586 
384 294 
843 729 
106 586 
701 874 
637 746 
880 930 
65 289 
665 351 
554 487 
737 794 
454 916 
976 422 
441 898 
598 924 
940 117 
521 86 
806 604 
963 262 
559 996 
57 580 
582 305 
52 586 
213 802 
816 421 
590 697 
881 975 
38 550 
130 258 
590 391 
893 586 
644 276 
153 633 
290 209 
994 866 
879 536 
797 202 
209 80 
768 299 
87 953 
310 684 
27 134 
649 605 
310 301 
922 79 
632 715 
534 913 
924 187 
902 190 
880 279 
873 315 
360 81 
578 146 
653 859 
519 931 
832 429 
170 340 
485 723 
647 454 
314 713 
359 255 
640 455 
561 908 
326 489 
209 433 
516 160 
994 294 
140 184 
689 137 
921 293 
517 142 
556 786 
806 358 
18 285 
441 965 
235 392 
120 694 
620 525 
137 207 
780 758 
421 856 
552 995 
316 20 
181 610 
220 350 
682 732 
7 411 
34 919 
131 272 
600 71 
60 584 
239 271 
151 429 
361 784 
39 434 
465 410 
309 161 
765 677 
409 850 
630 479 
549 202 
600 980 
836 531 
755 627 
57 405 
504 639 
582 763 
680 844 
175 271 
925 373 
622 830 
373 79 
951 38 
844 726 
759 129 
552 625 
835 202 
228 282 
23 984 
110 999 
578 13 
431 47 
404 725 
502 951 
281 944 
11 381 
295 425 
165 132 
127 452 
188 939 
241 563 
238 633 
685 333 
739 173 
196 927 
825 225 
249 170 
467 782 
899 415 
146 832 
23 713 
463 926 
759 697 
166 935 
897 639 
159 481 
332 280 
789 936 
702 791 
503 153 
722 210 
896 811 
202 938 
948 589 
600 721 
195 71 
94 147 
895 112 
993 446 
435 586 
338 920 
408 282 
101 415 
625 172 
286 586 
393 723 
766 86 
980 586 
720 98 
326 80 
84 481 
921 507 
551 802 
263 731 
875 741 
394 777 
487 186 
337 583 
268 695 
8 780 
156 382 
569 514 
943 126 
740 137 
156 227 
489 159 
221 791 
819 95 
811 427 
685 119 
219 53 
308 995 
504 321 
689 65 
75 93 
219 596 
3 30 
704 638 
733 20 
77 446 
157 242 
403 250 
755 472 
334 479 
619 886 
790 720 
466 316 
823 993 
448 586 
785 201 
558 668 
339 44 
889 354 
108 891 
595 429 
25 430 
161 27 
161 586 
691 939 
778 984 
119 333 
980 330 
0 417 
466 100 
241 175 
302 809 
440 931 
701 5 
286 350 
390 860 
147 838 
92 329 
418 408 
303 580 
260 525 
230 963 
728 225 
877 282 
124 488 
376 36 
830 381 
64 478 
437 143 
182 218 
975 586 
449 580 
467 609 
388 832 
364 942 
963 226 
702 832 
382 844 
170 286 
790 618 
549 547 
106 368 
374 746 
867 439 
155 303 
826 507 
615 488 
602 756 
120 968 
630 896 
361 189 
746 523 
828 16 
273 586 
745 71 
850 457 
169 931 
246 117 
841 913 
124 656 
719 188 
245 746 
466 836 
853 678 
646 990 
467 319 
17 738 
826 329 
121 40 
98 775 
886 340 
196 67 
237 745 
337 354 
62 160 
507 173 
439 838 
768 340 
580 700 
998 605 
885 20 
544 805 
211 583 
57 952 
967 335 
93 662 
677 982 
125 913 
701 586 
3 626 
649 896 
967 211 
262 619 
336 618 
390 830 
907 900 
718 258 
669 433 
115 623 
659 119 
909 655 
926 415 
674 775 
435 234 
19 568 
270 668 
549 700 
843 746 
578 33 
157 919 
23 257 
501 6 
878 288 
273 132 
961 684 
672 375 
814 395 
998 472 
261 141 
228 481 
648 726 
555 50 
106 877 
714 376 
218 737 
410 397 
731 904 
583 703 
755 475 
148 147 
711 691 
940 979 
391 499 
234 998 
806 673 
935 541 
384 482 
870 573 
592 460 
114 786 
450 1 
878 372 
637 705 
230 68 
334 987 
484 677 
666 924 
856 888 
211 396 
275 586 
192 126 
529 66 
384 525 
394 596 
884 366 
484 362 
376 976 
926 346 
591 828 
696 685 
755 859 
861 301 
418 442 
179 695 
309 881 
845 922 
348 392 
393 630 
157 940 
49 908 
580 746 
601 31 
652 473 
446 584 
722 214 
388 640 
332 818 
598 581 
361 424 
819 920 
872 557 
49 527 
298 576 
30 663 
324 656 
211 12 
534 165 
190 122 
800 343 
90 20 
349 503 
968 856 
788 695 
104 949 
22 456 
375 314 
761 676 
134 377 
23 982 
538 648 
41 140 
432 73 
755 271 
195 469 
151 803 
435 634 
161 391 
511 499 
920 998 
865 980 
165 654 
64 586 
867 654 
203 61 
26 46 
779 322 
547 252 
504 420 
801 911 
39 36 
587 364 
434 770 
105 334 
245 653 
587 379 
797 378 
913 709 
753 701 
424 770 
147 285 
997 725 
691 112 
480 597 
243 276 
237 689 
573 381 
485 758 
291 149 
39 494 
855 465 
863 298 
865 833 
978 791 
938 704 
316 586 
131 743 
901 645 
283 341 
926 830 
12 357 
171 529 
834 116 
461 196 
280 942 
361 195 
85 793 
922 86 
272 862 
170 138 
211 947 
806 644 
444 172 
532 260 
104 23 
383 40 
900 639 
979 116 
95 869 
77 945 
933 46 
558 500 
686 810 
768 611 
8 583 
610 318 
160 428 
56 422 
691 582 
877 989 
55 336 
711 403 
150 965 
727 133 
268 878 
329 474 
309 218 
469 190 
249 207 
297 931 
155 574 
979 111 
442 594 
28 678 
587 835 
697 311 
332 944 
664 485 
127 251 
611 916 
808 774 
945 580 
305 252 
724 982 
546 595 
639 832 
982 285 
713 464 
132 25 
965 500 
506 218 
978 953 
361 522 
964 979 
801 428 
611 713 
780 520 
4 922 
75 650 
275 655 
235 306 
267 365 
996 324 
308 809 
93 117 
866 245 
127 211 
568 656 
915 727 
662 515 
174 319 
871 805 
870 21 
600 586 
896 139 
608 914 
204 166 
366 692 
693 905 
591 585 
781 180 
680 410 
419 71 
379 597 
451 387 
583 143 
19 976 
674 519 
419 118 
82 926 
75 308 
397 98 
383 718 
579 791 
349 660 
714 509 
747 423 
850 233 
735 586 
976 163 
948 642 
712 589 
383 989 
134 190 
703 117 
934 193 
723 732 
737 245 
268 297 
855 184 
120 698 
275 611 
566 707 
383 410 
793 721 
679 34 
349 584 
214 857 
41 53 
587 123 
445 455 
431 469 
518 763 
825 809 
527 685 
564 764 
754 55 
159 675 
237 29 
682 55 
954 872 
419 271 
128 20 
222 207 
242 586 
735 391 
414 198 
506 316 
696 5 
671 280 
611 969 
525 844 
231 422 
289 442 
698 843 
744 563 
924 90 
433 833 
284 279 
873 378 
388 754 
149 244 
885 493 
477 842 
314 868 
773 952 
199 995 
875 695 
171 170 
870 688 
326 473 
613 610 
590 499 
77 941 
804 447 
242 318 
506 767 
893 568 
529 876 
698 179 
830 809 
206 746 
755 34 
93 365 
301 137 
821 257 
215 455 
102 570 
734 582 
235 116 
966 908 
335 520 
86 887 
363 12 
646 624 
914 586 
450 383 
209 857 
70 986 
78 182 
941 946 
178 704 
784 633 
155 417 
616 94 
855 806 
718 365 
243 239 
483 375 
151 117 
769 905 
424 118 
926 983 
818 263 
780 644 
351 500 
810 830 
302 980 
43 791 
249 837 
556 253 
687 32 
150 914 
587 543 
423 715 
375 721 
245 521 
166 557 
883 895 
149 638 
484 105 
106 592 
659 180 
734 952 
538 892 
635 675 
75 998 
910 55 
266 193 
441 705 
837 966 
391 898 
182 324 
671 135 
475 231 
299 410 
528 500 
838 260 
167 710 
551 997 
587 215 
674 746 
400 880 
413 645 
659 434 
560 973 
985 775 
511 632 
2 944 
880 197 
909 584 
297 844 
450 551 
971 737 
468 21 
725 639 
715 586 
760 88 
262 673 
503 244 
592 486 
400 980 
206 603 
263 516 
243 770 
883 356 
787 586 
870 465 
662 64 
60 476 
527 765 
170 586 
435 249 
725 258 
199 294 
59 836 
251 232 
351 149 
76 267 
394 577 
814 370 
606 66 
400 103 
53 410 
816 246 
358 731 
813 430 
406 305 
504 396 
733 515 
490 273 
569 572 
779 898 
922 730 
937 348 
947 329 
292 54 
269 791 
419 930 
230 729 
208 142 
32 731 
813 697 
94 38 
796 592 
372 786 
265 391 
961 817 
872 87 
38 222 
818 32 
961 536 
3 83 
735 395 
144 220 
302 467 
3 394 
588 369 
847 608 
276 443 
702 306 
587 966 
994 658 
9 98 
548 691 
895 701 
496 80 
967 530 
867 512 
10 811 
60 978 
902 704 
952 586 
145 465 
536 537 
680 525 
315 729 
891 905 
543 787 
829 752 
362 586 
247 771 
873 983 
529 662 
409 494 
476 442 
961 601 
134 216 
608 401 
824 633 
802 341 
753 602 
315 401 
92 854 
299 346 
333 225 
376 158 
901 207 
579 519 
148 79 
750 999 
374 811 
837 700 
165 149 
435 695 
458 14 
380 360 
71 20 
926 633 
814 0 
73 353 
383 881 
291 332 
618 138 
700 294 
601 295 
375 648 
286 240 
718 586 
571 109 
34 887 
501 863 
441 282 
343 625 
410 36 
532 405 
854 252 
843 222 
342 201 
153 644 
761 707 
637 412 
104 308 
724 936 
184 333 
875 730 
566 364 
611 586 
557 294 
41 250 
261 385 
280 46 
958 764 
358 949 
951 305 
235 732 
474 673 
899 258 
533 883 
954 697 
991 281 
534 169 
463 304 
293 757 
48 722 
53 876 
201 792 
114 301 
689 228 
771 231 
116 673 
650 707 
620 191 
176 117 
228 731 
877 586 
171 805 
964 404 
426 139 
171 20 
56 87 
993 424 
3 556 
332 117 
409 67 
666 624 
702 640 
257 255 
671 744 
797 330 
232 580 
63 116 
501 107 
706 595 
246 926 
848 124 
183 222 
582 363 
409 186 
204 124 
393 901 
634 998 
489 545 
702 828 
314 543 
312 792 
25 809 
127 901 
799 686 
209 876 
136 946 
814 459 
566 598 
165 21 
778 970 
169 970 
43 525 
201 172 
169 830 
400 553 
39 949 
57 423 
8 500 
667 676 
802 765 
332 178 
183 187 
451 825 
206 595 
38 423 
948 34 
132 758 
711 434 
766 370 
861 46 
724 957 
420 586 
277 206 
47 563 
284 799 
136 226 
630 26 
511 891 
927 628 
587 151 
283 2 
87 495 
873 852 
176 71 
660 574 
110 659 
3 886 
644 479 
696 671 
839 625 
17 621 
328 79 
649 250 
221 812 
749 285 
61 648 
770 673 
578 208 
885 525 
317 909 
371 739 
331 117 
370 721 
699 716 
343 224 
909 258 
908 695 
57 535 
689 647 
119 983 
96 963 
845 224 
18 457 
612 35 
251 389 
667 859 
417 20 
510 620 
993 101 
536 129 
114 495 
706 272 
73 367 
316 882 
150 381 
797 473 
210 591 
664 959 
788 201 
259 822 
664 320 
641 941 
51 13 
196 130 
946 777 
261 723 
822 500 
501 218 
453 316 
225 775 
827 248 
910 168 
130 370 
164 185 
884 740 
22 468 
552 574 
823 719 
885 740 
567 708 
189 673 
256 294 
567 325 
642 252 
872 65 
433 129 
843 980 
401 919 
994 376 
691 92 
246 945 
882 255 
796 522 
649 358 
928 289 
850 184 
447 294 
438 792 
738 809 
402 231 
110 839 
881 861 
748 687 
589 487 
386 613 
409 700 
0 132 
746 919 
312 136 
958 585 
215 285 
598 975 
733 140 
326 73 
460 962 
676 777 
439 844 
284 719 
310 135 
210 970 
275 344 
690 426 
616 391 
939 752 
548 244 
344 338 
218 2 
748 830 
795 535 
471 978 
675 294 
183 637 
501 497 
713 515 
264 82 
258 117 
436 191 
543 285 
9 516 
991 376 
395 901 
104 255 
728 657 
428 667 
509 865 
326 567 
719 635 
419 48 
799 90 
264 352 
784 478 
693 792 
277 20 
843 370 
794 643 
821 568 
629 225 
24 258 
283 225 
943 270 
264 424 
314 519 
298 715 
26 334 
274 586 
867 397 
872 184 
532 856 
579 663 
914 809 
99 815 
616 478 
175 226 
457 525 
857 53 
277 65 
107 926 
873 245 
846 696 
637 486 
611 998 
161 610 
171 639 
896 494 
928 24 
89 941 
292 941 
277 977 
823 205 
872 541 
761 570 
68 129 
598 832 
159 170 
923 670 
567 234 
745 827 
107 772 
784 586 
174 61 
298 92 
188 358 
419 467 
650 25 
502 991 
647 650 
876 628 
68 583 
908 365 
483 546 
343 798 
225 586 
380 454 
753 282 
578 429 
82 215 
881 650 
977 820 
468 651 
549 489 
909 27 
436 721 
885 34 
476 362 
939 481 
978 248 
188 436 
728 638 
768 730 
288 195 
508 240 
710 738 
62 750 
277 834 
188 445 
535 422 
868 908 
634 681 
298 983 
497 305 
998 295 
558 834 
630 642 
839 173 
303 255 
941 721 
316 137 
466 758 
372 272 
390 585 
369 577 
975 500 
820 698 
477 111 
950 711 
3 586 
312 305 
711 998 
988 99 
361 63 
343 255 
204 989 
785 488 
790 533 
634 860 
662 138 
9 903 
251 371 
257 570 
698 741 
802 594 
571 5 
468 946 
222 952 
720 167 
309 876 
335 676 
432 742 
602 174 
698 525 
380 959 
558 293 
196 771 
66 622 
806 586 
317 701 
473 980 
810 129 
829 105 
44 238 
323 451 
518 841 
729 429 
850 966 
370 615 
884 69 
885 328 
609 780 
554 434 
873 122 
436 982 
431 730 
257 783 
909 829 
620 197 
718 871 
578 245 
43 257 
239 294 
706 87 
549 643 
626 973 
558 175 
685 329 
835 595 
404 233 
577 173 
551 197 
940 182 
162 465 
534 677 
957 780 
112 405 
140 817 
855 973 
910 257 
141 927 
68 497 
141 13 
203 152 
640 537 
895 64 
473 57 
314 686 
153 685 
43 927 
754 137 
559 408 
918 792 
222 677 
996 422 
484 464 
674 521 
981 135 
120 108 
728 488 
421 215 
698 340 
331 28 
290 65 
544 306 
734 483 
577 757 
926 167 
849 894 
70 12 
423 472 
169 79 
372 936 
222 420 
171 437 
563 586 
938 32 
940 985 
880 765 
543 822 
744 191 
609 331 
100 357 
770 176 
566 199 
221 545 
295 286 
330 91 
17 145 
145 958 
596 917 
766 560 
789 608 
431 586 
399 1 
977 949 
273 167 
824 333 
147 300 
314 12 
915 886 
845 944 
736 202 
126 410 
667 425 
562 949 
746 563 
249 117 
569 262 
150 43 
882 574 
723 913 
547 226 
589 952 
724 7 
454 260 
312 196 
404 458 
94 579 
317 979 
123 187 
403 96 
424 774 
240 294 
466 598 
292 874 
243 586 
485 263 
263 446 
123 350 
313 187 
547 236 
797 350 
246 742 
382 153 
555 583 
552 427 
27 427 
124 519 
456 586 
507 989 
242 576 
863 758 
437 624 
724 653 
835 111 
368 13 
127 609 
124 592 
387 137 
866 677 
562 974 
755 94 
65 20 
881 554 
997 636 
711 979 
346 100 
295 974 
561 646 
9 12 
191 586 
497 524 
646 331 
173 64 
635 1 
251 354 
770 44 
291 700 
981 661 
980 138 
132 822 
980 565 
10 331 
401 691 
641 212 
510 585 
374 882 
952 282 
110 753 
213 963 
852 963 
711 797 
65 729 
768 805 
290 614 
414 446 
275 141 
915 304 
266 521 
871 811 
241 841 
650 215 
274 235 
289 44 
77 637 
332 642 
311 166 
14 389 
402 374 
859 238 
114 920 
981 336 
986 849 
234 112 
588 857 
81 673 
680 803 
452 594 
651 48 
156 496 
949 238 
174 262 
683 201 
584 687 
272 766 
768 16 
672 511 
394 761 
325 303 
1 931 
567 176 
89 13 
539 300 
288 601 
712 517 
923 173 
171 225 
326 143 
843 611 
290 131 
369 14 
830 639 
615 562 
274 404 
892 343 
355 94 
706 48 
902 392 
643 139 
693 874 
998 888 
8 165 
441 373 
22 178 
326 207 
511 747 
670 190 
550 952 
49 88 
864 645 
463 440 
449 78 
516 74 
451 834 
566 277 
461 568 
637 342 
230 481 
698 319 
264 829 
629 663 
799 730 
726 279 
908 472 
320 984 
196 761 
469 102 
261 435 
90 491 
501 38 
457 58 
284 1 
841 80 
313 927 
452 926 
720 970 
343 448 
635 921 
926 874 
651 142 
850 520 
682 586 
915 665 
684 708 
706 202 
493 876 
173 137 
567 420 
618 514 
461 441 
813 727 
767 270 
413 191 
385 973 
74 601 
250 703 
393 136 
584 528 
115 639 
666 586 
216 84 
739 825 
376 515 
384 610 
767 179 
159 814 
829 184 
269 995 
886 864 
933 197 
638 959 
934 338 
3 415 
477 586 
827 367 
937 798 
190 33 
383 539 
320 27 
555 775 
942 189 
821 203 
212 632 
386 732 
713 809 
327 930 
739 639 
220 312 
818 572 
349 628 
530 400 
101 586 
873 193 
671 994 
587 858 
322 350 
371 7 
322 302 
751 726 
609 234 
543 880 
321 913 
843 227 
220 96 
485 979 
801 560 
390 398 
749 636 
72 490 
149 267 
561 462 
342 614 
942 975 
124 170 
7 995 
29 935 
61 986 
456 119 
620 585 
811 622 
747 953 
449 836 
78 142 
349 105 
527 730 
182 586 
264 15 
72 911 
178 522 
21 67 
51 267 
991 807 
181 494 
32 521 
904 44 
68 764 
106 273 
475 721 
262 81 
51 521 
42 642 
494 931 
491 163 
813 262 
512 473 
169 92 
6 199 
365 13 
467 395 
144 70 
570 730 
631 493 
778 966 
159 884 
143 385 
912 874 
846 593 
431 614 
630 424 
869 723 
214 753 
224 373 
592 36 
123 525 
626 90 
806 935 
296 303 
408 710 
995 20 
0 653 
161 985 
885 852 
498 567 
6 466 
152 640 
368 240 
659 896 
937 644 
990 760 
587 818 
821 148 
485 126 
245 336 
728 586 
722 67 
723 406 
301 952 
435 352 
351 586 
784 704 
724 857 
478 333 
79 163 
533 639 
785 435 
642 191 
383 326 
40 352 
442 683 
304 627 
102 832 
683 730 
878 371 
788 666 
823 399 
278 207 
327 351 
961 683 
755 564 
837 20 
204 334 
352 98 
440 410 
144 454 
148 488 
878 200 
765 586 
197 644 
369 394 
875 674 
387 122 
155 770 
665 223 
722 347 
30 701 
893 301 
289 691 
881 508 
918 958 
889 963 
702 320 
785 67 
481 972 
802 327 
538 504 
87 811 
649 976 
144 430 
484 278 
845 554 
745 727 
278 632 
895 304 
883 913 
938 908 
519 536 
295 373 
164 306 
214 893 
591 479 
599 982 
193 327 
285 717 
475 683 
686 149 
59 252 
564 336 
620 222 
885 653 
951 527 
853 350 
405 129 
651 330 
36 333 
73 27 
9 395 
983 321 
490 36 
30 244 
270 269 
984 84 
852 381 
413 149 
152 959 
693 15 
135 448 
527 739 
121 455 
137 803 
398 594 
784 777 
713 874 
102 717 
359 398 
995 792 
183 320 
554 640 
772 176 
167 362 
56 125 
446 387 
864 525 
573 396 
39 833 
178 769 
898 752 
813 582 
126 143 
451 488 
667 471 
566 26 
720 802 
737 471 
236 586 
419 564 
316 569 
801 60 
994 471 
375 708 
896 264 
42 31 
310 937 
968 631 
393 383 
271 198 
956 746 
679 189 
626 958 
971 47 
154 87 
527 205 
446 92 
153 435 
219 648 
292 244 
43 96 
956 522 
536 454 
124 740 
95 893 
981 830 
60 163 
998 763 
580 535 
573 331 
758 638 
299 294 
786 893 
72 554 
800 136 
651 562 
839 638 
342 982 
790 882 
674 945 
23 116 
155 597 
278 893 
124 117 
874 207 
915 483 
965 434 
0 500 
167 239 
484 360 
705 563 
639 586 
38 416 
453 364 
538 583 
808 229 
115 766 
954 243 
564 37 
349 405 
631 351 
792 678 
171 650 
290 686 
393 663 
921 622 
293 129 
551 796 
467 93 
150 118 
858 661 
883 572 
59 850 
65 299 
181 530 
480 712 
437 176 
203 460 
444 473 
669 115 
114 227 
309 534 
374 753 
834 0 
702 297 
925 969 
151 293 
558 876 
984 117 
583 350 
548 410 
268 375 
827 581 
950 809 
652 170 
513 535 
690 154 
518 509 
517 824 
422 987 
839 889 
492 985 
204 360 
676 639 
199 605 
320 704 
648 586 
808 924 
761 665 
899 703 
192 2 
42 360 
237 165 
4 881 
284 397 
585 525 
722 42 
649 806 
385 828 
524 270 
889 397 
872 935 
339 350 
219 930 
22 383 
532 580 
737 522 
768 32 
115 612 
7 201 
517 15 
232 47 
916 715 
273 594 
928 707 
484 939 
68 387 
506 879 
908 500 
957 294 
950 656 
78 287 
278 120 
193 71 
399 585 
115 531 
446 193 
816 51 
38 33 
595 574 
776 598 
465 125 
882 652 
94 473 
226 98 
509 183 
470 836 
510 331 
57 478 
302 751 
545 905 
690 32 
816 41 
107 27 
280 843 
9 262 
81 586 
154 941 
124 775 
270 586 
834 756 
424 547 
302 877 
383 15 
278 364 
405 536 
308 134 
243 318 
234 238 
408 653 
706 105 
534 594 
120 787 
506 535 
862 357 
242 298 
563 809 
561 669 
858 370 
665 586 
392 586 
950 328 
160 377 
504 757 
195 781 
120 32 
224 482 
542 11 
93 486 
691 448 
352 231 
95 6 
723 84 
597 20 
834 830 
303 694 
996 482 
857 653 
693 803 
896 910 
78 730 
704 137 
587 258 
323 262 
904 253 
202 727 
864 705 
311 695 
469 953 
444 175 
9 754 
440 498 
327 886 
383 201 
897 605 
59 410 
266 318 
508 700 
485 122 
156 358 
114 271 
241 16 
200 995 
316 600 
266 82 
946 618 
493 962 
165 118 
855 329 
638 225 
728 640 
82 378 
527 703 
254 263 
947 938 
944 832 
799 684 
308 640 
662 256 
930 55 
59 654 
922 673 
563 730 
263 700 
181 927 
426 688 
552 395 
910 21 
183 103 
154 880 
274 654 
683 522 
855 415 
160 684 
927 978 
602 665 
29 34 
828 286 
700 817 
147 605 
473 35 
641 282 
448 20 
851 83 
546 360 
548 415 
967 683 
222 700 
873 917 
201 381 
103 607 
794 378 
217 81 
380 323 
219 979 
349 385 
534 261 
753 961 
143 964 
735 787 
219 2 
349 490 
257 253 
988 332 
698 891 
401 20 
30 817 
789 28 
68 830 
322 357 
946 350 
315 61 
58 610 
134 624 
573 276 
268 302 
544 348 
444 618 
755 605 
968 726 
284 289 
92 133 
320 930 
873 38 
542 44 
284 143 
551 322 
701 82 
304 560 
236 515 
301 758 
958 854 
127 623 
87 35 
888 405 
516 287 
291 642 
374 668 
470 883 
32 378 
140 228 
188 250 
486 783 
827 208 
528 129 
672 885 
337 886 
63 818 
948 919 
310 143 
196 743 
946 633 
124 410 
845 603 
338 406 
419 888 
54 525 
986 747 
689 32 
157 974 
566 489 
686 225 
319 88 
450 902 
555 987 
359 651 
160 175 
289 404 
845 805 
36 321 
947 77 
441 191 
213 924 
135 970 
160 481 
266 192 
509 559 
161 384 
308 412 
61 199 
612 597 
87 605 
126 762 
652 707 
494 140 
620 888 
301 406 
749 728 
596 66 
54 329 
265 504 
681 35 
882 25 
320 888 
843 833 
490 658 
136 599 
321 515 
32 387 
544 405 
372 307 
480 546 
421 730 
532 973 
703 633 
452 56 
485 533 
211 276 
155 644 
467 129 
905 973 
818 29 
496 390 
96 654 
135 60 
852 901 
42 828 
955 496 
398 423 
601 84 
268 884 
311 152 
109 436 
384 46 
598 469 
878 92 
485 295 
690 592 
18 107 
550 225 
853 730 
886 24 
299 395 
978 700 
210 51 
376 805 
303 749 
444 509 
963 500 
466 268 
901 859 
873 376 
524 471 
920 916 
981 760 
431 815 
818 636 
283 248 
251 273 
325 732 
789 33 
698 633 
816 141 
744 963 
432 720 
322 586 
542 423 
280 946 
917 982 
980 363 
135 578 
128 400 
125 92 
807 508 
95 201 
699 52 
628 138 
265 337 
344 586 
596 752 
382 513 
867 925 
533 919 
546 37 
967 859 
166 815 
733 993 
14 924 
697 595 
857 640 
609 832 
574 79 
150 832 
954 448 
163 762 
493 129 
93 938 
866 318 
313 120 
437 102 
315 340 
246 761 
168 825 
938 442 
812 340 
24 586 
506 350 
66 683 
532 300 
982 815 
256 215 
886 428 
147 830 
562 622 
769 340 
126 657 
380 904 
483 905 
60 312 
434 36 
136 400 
652 992 
518 568 
872 304 
895 754 
764 379 
251 505 
734 886 
991 729 
251 620 
467 57 
502 976 
676 92 
150 5 
712 128 
594 563 
123 400 
348 644 
136 531 
572 365 
685 725 
518 499 
36 116 
761 589 
283 319 
156 579 
666 300 
153 543 
664 168 
492 974 
551 2 
85 592 
651 812 
504 238 
172 730 
6 725 
484 351 
721 656 
236 125 
951 757 
393 579 
19 245 
280 884 
63 695 
155 20 
107 373 
141 862 
134 747 
788 904 
697 363 
735 803 
321 365 
538 691 
298 627 
968 244 
762 98 
205 377 
855 141 
95 505 
259 536 
171 70 
467 563 
869 665 
519 586 
72 998 
879 640 
955 448 
878 830 
221 576 
273 754 
589 407 
682 506 
950 586 
278 119 
634 347 
834 258 
801 323 
620 568 
863 360 
101 802 
326 831 
706 647 
38 327 
284 429 
790 799 
712 666 
204 757 
256 98 
456 427 
222 305 
362 866 
767 46 
475 740 
543 929 
194 297 
471 50 
174 115 
665 27 
66 552 
984 225 
759 791 
8 366 
152 198 
127 998 
811 586 
907 805 
552 160 
409 116 
419 402 
15 282 
671 961 
737 143 
503 489 
320 218 
211 98 
413 971 
980 610 
382 924 
682 129 
411 525 
131 886 
468 804 
278 192 
265 149 
312 100 
661 401 
804 354 
159 792 
148 569 
273 260 
920 880 
688 528 
698 568 
699 828 
931 586 
413 894 
534 616 
969 586 
557 422 
858 430 
87 19 
250 347 
296 301 
988 472 
957 303 
658 595 
966 970 
344 199 
198 929 
813 754 
477 429 
725 752 
656 488 
95 862 
314 761 
146 40 
461 194 
89 364 
339 973 
780 328 
802 764 
259 12 
246 550 
480 266 
860 726 
303 376 
520 2 
8 639 
278 200 
755 818 
806 632 
588 517 
767 107 
268 281 
297 226 
440 810 
135 973 
118 586 
386 721 
130 367 
9 243 
516 12 
659 236 
584 31 
810 972 
304 447 
504 730 
993 454 
714 326 
545 932 
790 201 
182 797 
375 507 
696 616 
414 19 
837 762 
942 242 
33 253 
264 373 
758 223 
176 976 
612 282 
764 675 
500 184 
584 297 
852 253 
879 908 
590 865 
317 739 
178 780 
955 305 
630 469 
714 485 
332 228 
921 955 
452 449 
978 260 
684 137 
637 654 
74 80 
655 893 
951 471 
829 684 
983 276 
513 208 
731 57 
410 890 
327 403 
461 404 
528 36 
976 935 
787 905 
281 228 
541 455 
231 381 
910 673 
807 429 
19 769 
731 253 
707 515 
160 732 
708 645 
8 311 
281 231 
382 276 
167 112 
272 592 
814 708 
440 258 
895 644 
934 834 
250 239 
557 234 
289 198 
849 173 
314 965 
548 562 
367 732 
453 667 
136 904 
162 282 
136 553 
836 172 
53 758 
966 586 
687 244 
439 737 
497 130 
922 844 
619 749 
843 458 
74 338 
242 13 
361 21 
154 486 
513 116 
489 946 
555 290 
382 743 
332 57 
432 256 
800 585 
234 656 
764 987 
394 64 
373 765 
399 807 
161 207 
468 6 
147 560 
241 262 
150 417 
790 808 
374 520 
322 978 
981 61 
182 609 
949 197 
349 335 
393 949 
714 451 
399 767 
544 79 
399 309 
637 388 
300 675 
251 996 
836 134 
703 614 
446 202 
718 644 
177 305 
650 565 
275 983 
413 491 
6 140 
521 55 
423 906 
204 323 
856 98 
440 77 
922 754 
801 10 
219 529 
988 504 
545 772 
967 809 
724 898 
650 187 
819 182 
517 977 
475 147 
814 869 
239 253 
907 991 
743 985 
592 20 
928 341 
361 455 
241 350 
289 242 
839 825 
41 86 
157 55 
178 457 
587 61 
6 732 
204 14 
23 319 
199 599 
494 477 
250 282 
814 749 
182 320 
559 231 
613 28 
21 965 
414 305 
814 125 
939 117 
380 858 
674 377 
136 148 
685 715 
316 431 
605 633 
162 414 
453 392 
608 430 
671 42 
568 739 
244 507 
680 903 
687 64 
849 190 
359 637 
884 594 
972 411 
109 686 
311 375 
458 643 
75 259 
853 526 
664 570 
527 787 
684 98 
395 794 
954 648 
509 818 
516 414 
523 999 
668 811 
975 754 
682 838 
314 1 
258 224 
140 301 
724 67 
310 603 
590 453 
372 774 
498 513 
336 122 
8 370 
313 764 
72 586 
515 83 
820 970 
564 683 
765 730 
641 979 
658 147 
440 633 
145 429 
185 118 
874 116 
452 180 
234 989 
298 736 
331 911 
622 184 
850 979 
189 260 
706 553 
651 529 
73 923 
415 803 
601 851 
66 586 
600 125 
921 145 
277 196 
164 979 
694 340 
818 989 
513 199 
80 727 
702 200 
679 914 
776 978 
539 352 
509 931 
459 586 
946 844 
600 593 
16 887 
710 350 
283 980 
12 13 
479 116 
828 713 
801 226 
620 116 
603 218 
255 385 
62 963 
528 333 
238 541 
907 898 
107 443 
812 458 
814 67 
288 804 
774 975 
288 892 
14 595 
806 881 
136 777 
981 283 
273 832 
768 992 
974 924 
524 46 
610 752 
666 713 
536 285 
532 693 
853 394 
504 61 
372 1 
31 912 
183 465 
886 560 
281 99 
147 187 
512 656 
954 272 
170 239 
369 764 
978 231 
658 131 
424 662 
635 661 
646 33 
409 13 
858 782 
556 217 
808 522 
562 271 
492 494 
748 585 
142 472 
615 742 
872 109 
444 102 
9 312 
495 529 
689 928 
686 508 
603 871 
410 826 
738 982 
229 631 
985 240 
658 217 
538 196 
498 321 
788 228 
472 285 
706 125 
771 700 
144 586 
620 601 
797 401 
872 787 
440 804 
180 334 
392 757 
754 935 
784 207 
660 992 
787 464 
146 620 
185 778 
804 500 
928 207 
915 862 
192 346 
976 191 
140 639 
183 98 
530 965 
799 330 
344 880 
178 965 
769 175 
75 199 
450 976 
302 737 
59 57 
101 833 
164 818 
283 667 
200 389 
671 145 
642 350 
486 172 
571 168 
816 92 
426 810 
277 204 
72 858 
161 223 
845 544 
101 161 
498 627 
787 761 
591 271 
298 172 
668 974 
522 953 
283 721 
689 475 
3 297 
662 129 
221 595 
73 439 
960 125 
182 28 
941 772 
510 992 
401 173 
867 547 
227 519 
853 195 
280 151 
907 975 
337 553 
738 631 
646 167 
323 98 
910 852 
569 86 
746 442 
501 380 
511 784 
635 586 
65 840 
169 55 
755 179 
549 667 
649 394 
991 733 
36 352 
682 92 
875 528 
291 726 
181 716 
155 508 
779 656 
235 993 
73 350 
62 718 
441 905 
532 259 
402 316 
444 818 
171 710 
668 831 
923 324 
836 297 
410 208 
39 142 
839 847 
461 68 
665 537 
293 253 
274 861 
719 832 
870 96 
302 639 
693 805 
497 448 
588 150 
313 940 
300 179 
450 426 
970 901 
265 67 
234 28 
855 563 
402 167 
303 215 
851 669 
174 877 
790 765 
470 686 
177 831 
795 479 
698 446 
179 305 
302 267 
297 525 
264 708 
206 703 
869 868 
883 175 
521 238 
950 701 
190 757 
991 989 
194 625 
874 639 
127 160 
533 586 
292 225 
228 64 
24 913 
755 202 
501 64 
171 536 
596 23 
859 429 
863 547 
926 360 
424 536 
559 197 
601 404 
552 524 
214 781 
942 350 
181 803 
372 324 
821 189 
76 985 
578 397 
571 579 
656 715 
375 362 
964 778 
744 860 
453 984 
785 105 
907 379 
605 639 
361 954 
848 566 
3 768 
243 389 
970 397 
458 914 
90 387 
77 605 
159 627 
892 67 
714 897 
68 679 
59 169 
151 871 
538 589 
233 901 
600 232 
650 335 
855 297 
567 258 
382 249 
884 624 
867 980 
136 177 
265 430 
337 653 
883 637 
470 321 
518 952 
926 363 
30 20 
829 667 
588 890 
390 271 
485 904 
115 841 
872 336 
17 372 
918 90 
834 678 
421 526 
330 743 
493 586 
911 599 
153 527 
436 407 
284 220 
573 856 
698 832 
684 640 
249 586 
501 158 
160 14 
557 676 
236 194 
699 321 
157 404 
728 354 
520 460 
942 137 
367 754 
315 446 
297 117 
782 225 
756 581 
154 350 
400 336 
511 982 
18 907 
971 488 
312 547 
308 165 
389 564 
510 869 
680 582 
466 965 
254 18 
304 557 
863 175 
549 762 
369 537 
239 952 
892 92 
539 179 
26 753 
208 20 
367 306 
659 472 
145 263 
127 870 
27 824 
75 353 
325 995 
39 132 
458 454 
849 705 
281 305 
886 610 
902 90 
334 531 
940 866 
268 669 
602 244 
277 182 
195 315 
518 972 
118 715 
349 893 
57 233 
732 563 
658 563 
390 732 
905 324 
835 998 
518 761 
317 678 
87 55 
130 859 
802 12 
981 673 
48 482 
492 247 
790 884 
921 861 
440 351 
490 230 
878 730 
57 586 
181 939 
349 410 
532 662 
646 342 
511 322 
458 385 
320 324 
658 105 
829 244 
489 613 
693 13 
174 681 
320 977 
380 705 
629 20 
923 117 
710 931 
5 231 
881 535 
0 294 
609 992 
663 880 
510 223 
3 876 
450 57 
296 8 
325 586 
308 302 
701 732 
565 640 
787 942 
740 142 
664 494 
951 617 
21 803 
997 680 
340 844 
256 191 
518 353 
243 818 
496 643 
278 302 
402 193 
602 529 
569 550 
630 816 
337 24 
41 293 
66 990 
61 236 
592 297 
98 186 
14 184 
695 586 
950 53 
150 147 
476 890 
878 279 
686 51 
264 785 
326 297 
153 98 
167 938 
314 360 
767 547 
947 14 
39 914 
590 785 
566 714 
110 239 
720 44 
72 92 
476 47 
75 231 
214 761 
188 897 
271 586 
899 92 
254 138 
835 529 
649 175 
789 968 
534 15 
101 294 
203 376 
162 879 
269 81 
27 367 
62 38 
608 145 
95 663 
616 560 
619 19 
236 133 
194 472 
265 63 
881 642 
503 34 
833 20 
744 481 
427 729 
517 352 
712 434 
771 795 
351 487 
200 244 
773 882 
576 119 
542 544 
591 92 
544 928 
796 965 
881 605 
384 611 
535 607 
853 16 
109 357 
613 191 
116 50 
308 535 
304 713 
970 894 
946 985 
921 732 
269 585 
679 454 
801 199 
261 338 
613 491 
268 939 
68 487 
107 956 
501 563 
807 939 
885 96 
767 105 
103 175 
528 81 
602 912 
418 246 
948 351 
99 553 
723 676 
372 431 
845 108 
744 92 
62 149 
434 191 
679 580 
259 914 
866 809 
450 451 
214 481 
952 805 
712 714 
375 965 
774 301 
653 411 
650 366 
152 941 
885 38 
664 586 
488 540 
414 695 
221 39 
682 757 
400 586 
950 512 
114 297 
748 509 
654 245 
331 758 
502 836 
414 903 
994 55 
203 686 
10 459 
52 901 
693 721 
800 294 
552 764 
852 311 
503 539 
497 703 
142 700 
413 64 
712 257 
950 417 
592 830 
426 476 
528 169 
813 695 
940 723 
246 363 
394 355 
243 164 
804 321 
81 639 
948 210 
361 545 
495 783 
104 371 
29 187 
349 828 
211 493 
362 695 
107 489 
741 448 
538 48 
118 999 
104 190 
328 464 
744 237 
206 922 
300 333 
93 373 
874 585 
572 482 
72 766 
167 303 
902 895 
196 822 
789 219 
23 118 
875 971 
308 720 
358 137 
106 239 
509 926 
146 350 
912 224 
604 518 
578 473 
703 781 
323 28 
799 968 
456 316 
157 363 
503 853 
647 482 
429 717 
554 822 
931 717 
866 295 
655 737 
109 225 
603 486 
127 465 
94 84 
963 809 
463 553 
753 554 
468 715 
701 90 
226 373 
229 586 
21 398 
688 832 
596 79 
667 469 
132 458 
4 952 
403 995 
823 708 
516 810 
991 633 
800 614 
309 686 
830 876 
254 199 
86 809 
639 416 
529 222 
409 424 
909 919 
192 276 
773 500 
22 204 
343 83 
536 890 
593 83 
498 48 
399 549 
766 37 
672 636 
145 275 
603 642 
819 197 
856 134 
423 238 
920 324 
955 532 
928 137 
375 762 
448 553 
364 550 
829 673 
818 809 
184 639 
312 71 
300 521 
120 343 
143 168 
840 642 
342 371 
873 157 
266 410 
954 496 
833 368 
951 833 
5 286 
838 964 
359 981 
247 462 
402 260 
517 752 
362 152 
824 137 
229 301 
862 140 
243 933 
463 732 
161 196 
693 740 
374 738 
896 295 
758 901 
889 586 
327 151 
658 188 
538 794 
804 386 
99 57 
109 891 
67 582 
116 91 
947 39 
404 919 
787 357 
738 521 
118 134 
165 5 
376 119 
646 584 
48 43 
664 802 
65 777 
652 378 
292 639 
858 971 
829 508 
612 410 
339 169 
414 838 
450 866 
131 537 
254 809 
654 815 
78 850 
228 58 
134 668 
130 639 
819 618 
341 633 
769 919 
46 173 
470 854 
747 763 
802 520 
620 460 
322 560 
865 539 
666 471 
304 781 
14 350 
804 731 
606 846 
288 204 
6 162 
421 300 
118 925 
274 99 
818 627 
313 473 
873 868 
588 633 
728 253 
468 350 
636 295 
212 753 
344 13 
410 138 
603 586 
124 636 
359 650 
554 668 
14 717 
236 762 
694 924 
391 67 
501 622 
120 396 
234 105 
199 515 
322 118 
170 364 
258 586 
323 592 
943 888 
670 640 
323 572 
304 350 
342 434 
188 234 
156 880 
668 294 
430 282 
106 970 
787 777 
4 979 
152 407 
452 253 
455 505 
59 68 
799 253 
721 238 
855 583 
259 14 
10 482 
425 350 
636 333 
698 228 
149 586 
153 34 
264 747 
174 429 
98 586 
351 976 
854 464 
546 980 
545 949 
641 171 
77 598 
346 745 
981 41 
848 98 
599 197 
737 300 
725 914 
659 935 
73 977 
934 766 
483 622 
313 626 
195 691 
881 348 
616 776 
925 866 
121 397 
976 137 
206 792 
756 294 
834 927 
659 469 
689 940 
675 894 
1 209 
489 130 
584 762 
95 461 
65 963 
375 32 
764 522 
928 411 
25 129 
869 315 
314 65 
170 927 
170 751 
456 753 
375 537 
663 784 
361 530 
6 11 
556 500 
641 138 
208 256 
194 373 
76 335 
631 564 
927 491 
876 903 
25 613 
146 231 
950 718 
689 76 
147 488 
546 80 
872 156 
579 454 
188 757 
148 377 
467 582 
855 944 
745 772 
300 258 
516 605 
171 713 
561 54 
241 457 
748 280 
702 266 
386 429 
466 394 
53 122 
218 525 
261 512 
486 670 
582 187 
883 398 
498 667 
444 670 
606 802 
848 231 
582 269 
589 366 
857 758 
310 870 
483 364 
273 340 
291 286 
409 105 
841 201 
194 404 
659 428 
473 952 
143 445 
587 623 
635 20 
845 733 
390 586 
712 187 
723 320 
360 932 
195 300 
415 832 
834 239 
388 236 
738 938 
360 430 
939 478 
322 13 
265 323 
961 98 
459 116 
596 305 
634 901 
945 673 
718 217 
198 756 
666 286 
410 152 
946 92 
509 673 
210 113 
287 633 
723 350 
125 871 
8 877 
599 189 
303 177 
705 877 
310 438 
381 80 
664 208 
923 252 
450 430 
681 708 
788 773 
796 713 
346 685 
5 515 
955 974 
386 231 
63 850 
504 786 
475 958 
453 409 
610 24 
234 632 
571 677 
382 128 
712 21 
884 469 
526 248 
511 166 
810 984 
990 329 
718 303 
914 525 
144 376 
902 849 
426 762 
921 625 
275 888 
625 586 
243 525 
56 845 
307 469 
6 668 
243 170 
382 108 
920 935 
439 429 
699 99 
313 564 
690 990 
453 586 
996 98 
828 756 
918 389 
304 167 
15 513 
748 394 
162 668 
813 454 
441 407 
721 20 
878 130 
315 703 
603 454 
61 586 
157 642 
528 979 
922 809 
703 586 
48 760 
988 941 
332 449 
284 537 
154 598 
326 441 
983 809 
637 276 
73 580 
139 80 
870 117 
263 953 
706 525 
372 629 
954 92 
60 384 
29 824 
288 226 
310 65 
371 950 
78 267 
194 224 
713 989 
695 645 
428 639 
448 877 
895 223 
878 482 
246 86 
985 318 
154 735 
577 590 
980 531 
797 397 
506 806 
523 570 
701 259 
200 131 
13 64 
571 247 
373 832 
995 638 
787 998 
943 640 
494 286 
182 16 
372 458 
621 191 
927 525 
707 79 
957 241 
393 697 
486 657 
637 439 
290 344 
107 486 
473 709 
584 756 
301 575 
845 915 
417 946 
686 876 
904 464 
986 454 
362 610 
779 36 
954 350 
922 603 
698 550 
530 129 
52 625 
344 995 
190 826 
299 149 
42 92 
62 79 
54 655 
863 510 
604 337 
92 798 
755 715 
835 997 
342 660 
982 525 
18 394 
432 19 
136 151 
930 105 
139 974 
949 407 
109 159 
895 408 
126 841 
647 617 
436 985 
250 727 
262 360 
865 388 
814 694 
375 12 
847 459 
63 24 
320 425 
452 392 
839 1 
250 81 
904 406 
4 444 
485 663 
218 279 
448 98 
782 540 
205 605 
270 639 
868 471 
748 429 
110 525 
920 624 
945 80 
29 163 
680 599 
124 192 
869 364 
665 707 
651 653 
509 500 
789 589 
898 385 
118 350 
981 431 
183 149 
123 914 
490 758 
1 703 
926 80 
996 931 
819 801 
743 28 
214 703 
188 113 
31 173 
546 661 
461 741 
298 694 
52 116 
444 777 
56 489 
991 20 
707 232 
42 454 
723 718 
513 88 
940 161 
813 250 
42 771 
608 656 
115 178 
659 373 
869 809 
951 343 
768 882 
604 508 
518 563 
337 662 
49 786 
958 721 
634 301 
63 104 
73 322 
917 667 
289 19 
360 350 
271 231 
826 472 
348 887 
625 97 
637 194 
475 834 
23 672 
511 229 
311 126 
181 196 
85 731 
213 569 
284 858 
662 289 
846 330 
382 586 
284 302 
518 770 
78 579 
418 814 
114 802 
419 204 
436 294 
748 407 
620 931 
834 562 
997 398 
280 938 
304 889 
63 819 
170 978 
121 297 
526 614 
690 684 
970 417 
251 130 
883 252 
526 207 
236 208 
937 160 
928 355 
410 854 
235 756 
748 339 
367 953 
562 589 
506 526 
251 272 
665 807 
899 103 
799 241 
490 276 
957 67 
530 688 
153 305 
954 179 
852 315 
156 958 
856 217 
961 350 
393 326 
692 535 
335 117 
748 513 
642 68 
8 106 
891 55 
375 289 
749 798 
51 929 
22 151 
950 217 
109 492 
511 502 
511 125 
57 508 
428 386 
714 126 
355 653 
61 279 
462 377 
108 178 
897 49 
955 780 
254 507 
532 725 
490 55 
506 810 
902 613 
663 520 
143 628 
111 83 
288 386 
186 989 
429 45 
342 51 
316 197 
530 790 
170 306 
711 751 
849 765 
757 675 
915 550 
405 730 
885 362 
190 427 
872 471 
101 941 
937 313 
732 67 
124 135 
265 757 
697 383 
593 826 
463 396 
273 930 
517 662 
698 67 
785 451 
961 191 
200 594 
998 216 
446 80 
898 142 
492 318 
19 519 
218 522 
503 552 
759 20 
242 20 
196 215 
623 560 
588 942 
947 301 
567 861 
714 415 
981 458 
98 45 
973 586 
582 681 
739 975 
792 305 
939 574 
800 168 
437 116 
719 925 
854 422 
360 64 
185 624 
377 226 
208 905 
264 897 
909 705 
702 753 
128 900 
470 759 
118 494 
957 721 
816 919 
711 536 
836 465 
816 756 
877 100 
291 471 
349 591 
113 777 
909 785 
79 81 
113 761 
948 306 
661 657 
443 906 
849 749 
520 447 
945 643 
200 971 
663 51 
542 189 
723 787 
351 756 
42 673 
813 562 
779 609 
838 500 
463 610 
458 830 
63 773 
759 350 
187 505 
76 324 
801 354 
495 554 
496 447 
734 318 
93 427 
414 202 
17 189 
734 214 
35 158 
878 72 
701 71 
346 481 
243 343 
696 36 
608 341 
150 108 
313 843 
415 244 
918 676 
440 496 
309 287 
25 721 
271 535 
466 568 
309 807 
902 92 
921 747 
789 473 
466 346 
604 586 
696 222 
904 12 
846 45 
202 434 
293 462 
617 611 
312 180 
687 190 
439 294 
735 406 
171 280 
63 668 
349 59 
701 131 
786 828 
332 739 
966 91 
655 834 
95 927 
151 550 
587 826 
400 166 
671 708 
765 318 
23 810 
485 856 
854 240 
634 55 
653 88 
680 944 
833 149 
571 408 
547 384 
946 117 
622 586 
712 774 
851 433 
863 738 
964 618 
359 973 
664 316 
957 216 
87 768 
232 64 
905 760 
119 681 
432 447 
666 13 
288 639 
588 432 
121 811 
131 893 
689 818 
301 116 
288 80 
450 36 
786 519 
259 497 
273 476 
393 586 
873 933 
123 185 
383 826 
390 328 
634 25 
915 338 
26 200 
820 208 
427 20 
144 130 
34 730 
475 261 
604 266 
810 655 
415 787 
633 944 
881 901 
495 637 
220 168 
392 336 
215 330 
420 830 
646 647 
527 512 
268 271 
30 650 
70 494 
49 189 
179 387 
517 434 
302 586 
506 906 
10 25 
260 139 
795 636 
74 976 
136 428 
858 498 
76 81 
738 57 
265 669 
576 129 
935 586 
144 78 
238 831 
6 758 
927 969 
351 460 
881 25 
232 253 
530 586 
994 527 
562 24 
32 373 
456 379 
247 907 
774 832 
738 14 
337 102 
271 715 
795 255 
956 408 
917 408 
907 892 
819 894 
9 257 
501 483 
18 784 
909 360 
510 622 
112 648 
765 55 
349 682 
364 856 
810 944 
490 886 
340 267 
588 528 
437 343 
580 423 
804 70 
468 446 
608 563 
769 586 
896 366 
549 257 
332 602 
788 375 
591 515 
383 118 
439 525 
994 547 
249 493 
591 660 
124 975 
524 586 
307 112 
216 756 
542 868 
675 844 
839 711 
571 686 
296 275 
188 942 
3 635 
579 471 
513 179 
405 757 
483 431 
881 414 
949 610 
827 710 
711 875 
885 187 
503 646 
302 686 
414 771 
43 786 
886 79 
110 585 
839 952 
127 735 
310 773 
247 670 
8 897 
846 510 
310 182 
408 208 
185 715 
545 515 
723 736 
213 89 
852 246 
7 208 
115 350 
816 811 
697 482 
942 700 
978 28 
283 275 
755 266 
205 108 
705 13 
611 482 
171 92 
729 98 
509 522 
939 675 
413 45 
545 585 
713 488 
669 79 
602 960 
988 152 
927 526 
34 911 
380 930 
346 40 
376 660 
188 42 
967 782 
868 69 
647 557 
489 861 
746 727 
114 596 
967 483 
823 373 
954 686 
380 160 
891 953 
567 754 
796 666 
993 93 
604 300 
991 362 
892 176 
51 376 
496 155 
326 12 
905 228 
945 525 
958 453 
77 301 
431 244 
290 980 
309 395 
56 183 
160 906 
114 685 
819 757 
405 775 
796 795 
123 150 
778 586 
394 569 
117 531 
106 996 
120 700 
616 952 
687 633 
702 41 
941 176 
230 379 
268 701 
264 762 
42 602 
608 346 
453 139 
408 209 
75 661 
619 431 
304 281 
25 184 
757 969 
16 668 
644 81 
839 774 
66 155 
934 254 
996 295 
63 128 
846 321 
875 758 
920 201 
957 794 
802 330 
341 293 
226 901 
389 471 
393 42 
869 594 
265 373 
616 199 
838 504 
218 54 
23 296 
495 213 
120 865 
351 760 
325 557 
220 888 
855 783 
196 552 
284 269 
306 478 
315 55 
888 648 
10 469 
103 586 
596 670 
157 493 
174 737 
847 476 
509 439 
496 403 
918 942 
183 73 
385 139 
536 258 
506 242 
315 176 
826 522 
851 586 
151 433 
157 338 
10 86 
917 140 
209 388 
790 761 
731 90 
845 204 
75 766 
881 116 
413 615 
13 350 
73 633 
114 36 
317 523 
121 690 
888 990 
306 681 
759 644 
383 429 
144 170 
185 432 
339 430 
569 793 
286 46 
359 572 
712 919 
511 173 
52 243 
382 757 
134 754 
200 775 
480 349 
139 645 
533 940 
95 109 
649 421 
486 610 
57 227 
630 116 
961 54 
798 427 
554 975 
968 337 
658 397 
388 239 
945 122 
268 688 
582 12 
789 427 
281 198 
147 186 
655 447 
228 301 
249 882 
291 430 
81 890 
672 37 
735 472 
921 808 
369 215 
855 106 
506 239 
77 849 
242 215 
549 923 
538 267 
818 125 
823 984 
375 222 
682 544 
203 715 
280 681 
318 763 
790 805 
177 904 
596 57 
359 168 
152 428 
421 324 
506 252 
465 693 
653 685 
669 687 
498 469 
542 470 
395 505 
418 659 
335 301 
780 579 
699 477 
63 751 
528 505 
797 128 
22 832 
546 105 
713 760 
653 92 
923 676 
124 245 
402 34 
291 621 
208 618 
51 586 
537 111 
722 236 
516 168 
549 84 
57 522 
871 681 
298 151 
483 687 
583 901 
920 446 
800 694 
277 584 
234 931 
384 710 
126 667 
364 987 
790 673 
392 691 
672 405 
431 880 
193 610 
874 695 
812 969 
492 338 
39 888 
453 348 
536 191 
205 434 
354 809 
442 715 
441 148 
671 624 
528 708 
204 339 
744 22 
659 39 
130 972 
107 871 
55 854 
200 849 
823 629 
436 0 
907 444 
457 715 
961 221 
48 101 
246 57 
221 585 
255 98 
436 458 
282 187 
696 672 
171 559 
697 904 
401 891 
87 721 
789 653 
287 572 
228 974 
942 294 
956 598 
826 117 
206 140 
883 752 
136 889 
511 913 
529 963 
470 105 
349 638 
802 962 
492 611 
34 916 
280 990 
640 639 
265 889 
674 962 
214 427 
454 276 
921 769 
218 384 
8 730 
678 276 
820 427 
476 269 
536 717 
85 888 
61 142 
48 864 
993 191 
957 725 
718 387 
174 983 
616 286 
394 738 
616 843 
629 809 
108 129 
482 35 
383 115 
725 445 
394 85 
839 913 
842 537 
450 457 
407 523 
771 716 
819 166 
789 795 
228 88 
991 982 
298 519 
907 355 
86 276 
672 410 
29 454 
369 547 
18 124 
702 794 
167 685 
592 976 
89 973 
870 716 
602 643 
324 47 
468 47 
320 245 
194 294 
800 21 
36 809 
480 893 
659 41 
880 267 
249 384 
89 805 
576 44 
785 40 
19 97 
524 746 
64 191 
159 448 
119 226 
0 255 
977 346 
684 472 
473 729 
687 522 
498 294 
671 956 
30 384 
552 856 
204 180 
950 386 
656 586 
994 571 
559 370 
480 466 
332 678 
509 586 
169 102 
501 129 
943 411 
635 961 
275 80 
606 359 
140 15 
383 55 
895 705 
628 91 
125 473 
550 829 
547 610 
521 69 
462 631 
534 873 
0 667 
109 724 
497 586 
562 406 
702 866 
339 557 
87 547 
442 639 
195 68 
476 673 
964 667 
362 115 
74 760 
670 125 
885 143 
316 276 
153 436 
948 13 
382 810 
188 60 
767 716 
1 752 
646 948 
517 98 
206 812 
996 570 
439 513 
469 386 
741 165 
855 68 
329 225 
640 757 
976 614 
485 245 
129 116 
70 391 
754 595 
457 586 
731 707 
902 187 
895 258 
60 968 
872 103 
511 401 
355 432 
889 245 
432 225 
393 428 
3 390 
62 975 
536 622 
948 749 
882 434 
609 80 
545 695 
370 228 
824 586 
520 177 
121 284 
993 300 
680 927 
721 411 
261 443 
642 586 
965 594 
195 730 
853 303 
165 98 
433 514 
498 887 
712 778 
921 15 
0 877 
602 592 
918 465 
38 704 
243 565 
149 305 
549 586 
961 625 
502 680 
27 71 
126 586 
418 668 
601 199 
606 263 
997 224 
0 80 
170 459 
983 563 
528 343 
660 633 
940 586 
71 983 
286 574 
29 427 
287 997 
241 20 
994 395 
461 882 
290 786 
966 36 
108 428 
78 46 
719 126 
946 805 
529 685 
330 700 
689 999 
61 360 
386 472 
991 879 
824 97 
290 432 
476 684 
751 708 
322 713 
543 809 
542 771 
785 586 
868 913 
979 260 
791 726 
453 864 
720 362 
902 805 
624 681 
300 117 
251 355 
795 952 
84 777 
679 694 
251 711 
370 989 
60 825 
871 586 
829 826 
239 396 
309 168 
106 454 
991 811 
734 799 
623 421 
787 218 
511 688 
624 377 
132 340 
950 572 
30 205 
256 656 
298 709 
415 916 
940 922 
865 651 
971 594 
28 184 
252 522 
190 430 
231 935 
550 276 
338 405 
893 177 
680 271 
236 656 
955 620 
275 323 
202 459 
515 985 
690 725 
630 565 
61 367 
175 876 
300 553 
188 586 
642 524 
974 225 
659 331 
871 351 
27 982 
644 350 
674 998 
33 570 
315 408 
625 381 
848 430 
332 559 
908 406 
185 975 
131 216 
91 815 
123 628 
367 500 
125 98 
504 113 
297 216 
30 974 
800 92 
412 586 
858 100 
361 527 
156 193 
814 639 
435 676 
589 879 
230 53 
585 974 
392 983 
195 133 
398 570 
728 793 
983 294 
956 347 
313 361 
655 459 
690 55 
261 583 
830 499 
447 116 
342 340 
120 916 
677 525 
291 445 
587 569 
671 895 
821 570 
293 880 
162 891 
836 986 
979 152 
635 4 
9 764 
956 461 
261 702 
863 114 
293 51 
302 15 
182 880 
341 677 
509 857 
135 46 
417 586 
559 598 
31 69 
121 19 
509 447 
715 45 
780 96 
229 318 
893 227 
779 396 
698 647 
823 451 
862 119 
288 826 
628 179 
973 350 
808 769 
753 751 
66 931 
886 700 
310 467 
53 276 
467 815 
720 898 
418 276 
170 624 
421 676 
182 185 
303 19 
682 590 
219 685 
71 676 
836 387 
21 774 
256 343 
349 695 
778 674 
77 695 
968 725 
774 31 
659 98 
671 367 
796 132 
769 643 
243 796 
210 34 
602 810 
100 913 
843 341 
862 822 
436 281 
296 434 
480 695 
500 197 
659 206 
193 113 
182 45 
800 77 
448 704 
23 667 
547 730 
356 31 
302 103 
705 887 
230 586 
297 464 
352 978 
308 170 
220 389 
814 881 
583 562 
5 703 
886 570 
78 19 
803 730 
412 522 
26 582 
996 980 
313 856 
591 837 
244 215 
802 782 
307 640 
255 792 
956 507 
493 976 
800 790 
376 841 
676 877 
490 729 
410 850 
856 648 
816 478 
646 169 
241 323 
883 718 
408 856 
74 667 
110 386 
247 504 
72 507 
332 319 
461 279 
858 215 
243 674 
130 245 
655 884 
278 835 
495 548 
635 851 
571 410 
439 833 
949 417 
175 849 
324 301 
386 515 
915 141 
623 927 
702 776 
200 157 
604 195 
789 38 
885 732 
875 838 
377 276 
157 637 
592 656 
273 397 
304 952 
991 199 
5 189 
816 389 
257 784 
604 440 
603 350 
921 471 
499 783 
216 656 
792 764 
210 654 
7 58 
776 260 
310 553 
861 231 
874 306 
786 904 
801 857 
690 389 
159 668 
179 985 
100 614 
889 39 
472 20 
994 926 
504 562 
143 469 
338 201 
281 519 
968 98 
30 745 
626 305 
3 10 
883 129 
767 995 
710 79 
518 324 
31 55 
391 423 
745 640 
127 445 
124 294 
272 437 
203 344 
461 973 
988 939 
52 374 
16 605 
360 750 
167 884 
879 45 
391 139 
573 777 
921 778 
991 476 
635 685 
548 292 
873 262 
12 639 
594 832 
883 887 
555 274 
940 140 
199 169 
703 352 
699 576 
274 164 
693 344 
534 105 
62 633 
802 508 
662 126 
348 728 
409 882 
743 499 
818 586 
506 82 
394 965 
216 122 
78 586 
566 278 
301 92 
351 990 
623 584 
954 699 
459 888 
561 48 
872 80 
791 575 
145 866 
782 92 
521 803 
375 735 
544 122 
511 935 
123 974 
170 259 
327 189 
896 87 
511 720 
212 581 
136 267 
502 808 
801 747 
147 822 
402 740 
187 491 
131 794 
266 161 
575 98 
344 184 
124 548 
697 596 
267 430 
847 990 
46 747 
658 119 
489 605 
681 117 
526 660 
148 882 
951 743 
71 258 
346 41 
930 295 
549 250 
172 16 
278 215 
878 28 
765 350 
663 749 
278 642 
155 133 
412 141 
217 730 
440 61 
400 757 
866 995 
687 13 
981 640 
384 780 
545 894 
114 815 
376 427 
56 404 
314 202 
895 301 
356 300 
805 874 
68 703 
642 708 
222 938 
145 758 
121 657 
434 537 
688 911 
246 202 
737 663 
517 385 
292 913 
818 269 
416 443 
143 798 
883 83 
241 695 
281 841 
156 911 
131 224 
130 914 
797 314 
338 762 
958 422 
773 17 
799 10 
465 987 
145 569 
461 765 
918 274 
872 36 
226 932 
204 367 
818 50 
344 447 
136 494 
107 694 
78 43 
895 563 
456 915 
767 282 
640 139 
356 525 
818 407 
620 325 
884 942 
370 695 
823 105 
591 786 
768 849 
577 525 
53 700 
299 737 
934 683 
749 654 
571 30 
439 25 
524 639 
457 20 
356 186 
825 184 
126 826 
456 502 
128 650 
789 101 
542 968 
452 583 
905 98 
397 639 
313 458 
106 527 
257 340 
782 718 
418 970 
699 218 
50 454 
711 259 
241 58 
568 57 
238 639 
110 138 
113 738 
421 250 
501 705 
488 805 
839 650 
947 38 
269 562 
544 522 
796 927 
202 815 
689 586 
383 342 
838 497 
288 810 
963 387 
584 469 
9 124 
76 476 
799 572 
755 463 
204 698 
39 708 
735 363 
827 51 
120 913 
57 119 
302 306 
545 336 
700 350 
263 841 
414 316 
420 978 
616 842 
150 146 
131 428 
104 250 
249 76 
338 684 
435 666 
719 38 
952 844 
718 760 
124 306 
841 367 
865 20 
1 224 
94 441 
384 89 
219 461 
243 403 
468 50 
397 860 
344 528 
480 575 
820 557 
298 88 
219 918 
820 446 
576 215 
389 949 
601 19 
29 888 
487 750 
735 439 
489 837 
732 163 
623 589 
229 841 
150 517 
359 624 
72 814 
78 862 
994 197 
813 497 
688 335 
861 797 
885 205 
528 933 
662 771 
343 12 
589 585 
691 932 
339 894 
316 579 
910 154 
724 248 
299 618 
659 427 
213 731 
200 854 
393 784 
988 739 
875 984 
867 15 
246 91 
780 14 
562 553 
996 101 
127 197 
475 194 
907 832 
577 214 
848 349 
965 757 
300 169 
831 197 
549 688 
220 285 
204 350 
199 648 
6 957 
372 317 
257 285 
917 622 
504 341 
891 990 
580 639 
931 894 
609 350 
241 36 
85 523 
121 602 
449 151 
202 725 
958 48 
909 586 
516 663 
988 124 
334 20 
878 905 
861 519 
53 428 
567 541 
734 631 
173 224 
878 431 
195 938 
690 172 
813 119 
462 898 
825 33 
625 805 
228 116 
466 335 
107 818 
980 594 
545 891 
257 586 
346 831 
477 350 
412 242 
439 323 
583 55 
779 928 
380 683 
722 805 
853 53 
370 638 
44 586 
420 565 
274 445 
950 105 
691 381 
272 866 
756 223 
1 96 
239 990 
145 183 
986 189 
369 799 
476 301 
310 855 
950 745 
493 632 
22 852 
211 441 
637 12 
549 546 
510 679 
480 713 
127 48 
332 994 
934 308 
647 528 
216 962 
613 175 
551 386 
134 770 
181 510 
527 850 
707 57 
3 195 
289 832 
915 167 
626 72 
494 586 
839 627 
194 900 
334 976 
156 311 
384 665 
68 464 
841 515 
136 704 
517 548 
579 984 
498 787 
810 632 
25 906 
511 822 
671 978 
878 971 
12 98 
72 36 
630 693 
855 6 
219 432 
364 758 
615 152 
955 517 
649 414 
351 525 
738 830 
282 936 
722 431 
235 131 
2 685 
109 448 
274 73 
693 447 
76 829 
290 383 
642 253 
115 868 
259 874 
615 703 
145 180 
729 572 
160 936 
78 739 
195 971 
847 838 
773 525 
336 715 
950 160 
219 396 
153 516 
801 809 
674 829 
627 442 
765 187 
447 231 
63 296 
405 586 
53 971 
933 721 
778 554 
130 360 
697 142 
344 100 
470 970 
861 147 
485 975 
693 784 
89 663 
725 232 
427 225 
23 434 
562 746 
344 269 
447 900 
539 242 
603 504 
97 656 
882 686 
490 193 
361 429 
286 777 
514 709 
650 668 
999 455 
965 912 
564 398 
724 179 
956 250 
824 673 
298 234 
487 427 
332 418 
160 688 
799 948 
710 877 
676 149 
475 259 
290 938 
476 868 
602 809 
801 285 
470 552 
375 684 
744 535 
248 184 
435 293 
489 134 
688 795 
990 586 
912 324 
400 833 
532 59 
591 142 
718 242 
257 536 
171 586 
774 595 
814 445 
767 577 
847 355 
483 996 
159 21 
937 79 
806 242 
955 563 
552 650 
412 66 
741 640 
42 280 
236 119 
631 729 
767 376 
49 2 
3 477 
59 948 
516 398 
153 294 
807 12 
690 415 
778 598 
408 423 
272 202 
380 586 
417 864 
801 70 
941 255 
265 388 
270 300 
695 860 
797 603 
547 640 
372 627 
362 299 
852 270 
582 525 
776 655 
925 38 
758 92 
706 828 
545 258 
616 601 
263 647 
875 585 
150 198 
420 754 
725 306 
933 199 
612 457 
61 827 
335 627 
785 210 
872 704 
296 283 
515 271 
710 69 
326 586 
283 337 
126 728 
157 350 
770 51 
217 430 
753 673 
921 674 
273 652 
419 276 
838 580 
507 522 
556 644 
686 138 
539 914 
437 45 
583 207 
165 446 
37 842 
670 395 
468 704 
140 474 
325 594 
503 883 
647 585 
274 431 
799 585 
4 586 
509 413 
183 586 
509 707 
918 211 
222 661 
800 36 
816 562 
561 364 
641 192 
773 169 
839 596 
243 272 
606 424 
687 255 
971 653 
934 300 
36 607 
739 354 
309 678 
858 157 
908 460 
327 905 
428 632 
956 681 
724 586 
941 16 
796 586 
571 383 
502 451 
268 796 
825 675 
237 189 
963 760 
437 889 
121 321 
926 594 
981 258 
601 340 
523 628 
484 640 
179 92 
670 731 
504 794 
997 938 
782 257 
938 151 
298 67 
486 32 
828 683 
432 745 
209 777 
649 220 
386 562 
218 586 
608 143 
8 889 
325 401 
556 199 
598 970 
84 805 
989 832 
755 691 
608 708 
620 343 
453 942 
797 191 
771 924 
439 964 
601 519 
278 569 
812 250 
266 921 
961 12 
402 738 
814 112 
102 598 
21 482 
120 20 
861 589 
157 264 
759 746 
43 167 
548 952 
630 460 
86 525 
147 98 
813 588 
254 636 
166 586 
948 685 
316 340 
339 489 
517 804 
671 193 
753 900 
444 935 
945 584 
948 118 
927 704 
118 32 
338 949 
174 599 
884 491 
500 373 
10 771 
43 256 
897 633 
155 117 
649 368 
157 351 
283 390 
649 530 
439 118 
154 167 
980 832 
849 411 
258 347 
737 454 
495 978 
313 95 
2 969 
527 276 
302 155 
696 307 
204 594 
246 644 
349 717 
466 545 
508 974 
846 908 
819 195 
897 92 
213 305 
138 560 
4 561 
157 519 
480 787 
533 397 
604 73 
145 786 
956 698 
893 946 
774 632 
202 595 
135 510 
738 133 
105 478 
209 756 
829 295 
457 563 
208 554 
78 551 
595 798 
51 20 
475 150 
819 384 
898 758 
349 526 
737 446 
128 598 
646 114 
201 464 
310 214 
445 197 
852 179 
775 186 
293 20 
218 942 
846 369 
960 464 
671 294 
261 128 
486 488 
8 138 
891 949 
56 1 
984 586 
34 586 
892 947 
961 513 
192 829 
315 201 
178 138 
906 531 
268 12 
564 405 
313 332 
923 146 
997 389 
971 710 
704 678 
251 322 
885 593 
359 889 
926 400 
327 563 
156 563 
958 730 
322 620 
22 753 
954 218 
214 826 
59 612 
21 944 
399 441 
319 482 
151 133 
643 978 
588 330 
620 481 
928 474 
671 718 
336 695 
22 833 
878 721 
952 980 
642 521 
137 595 
247 586 
534 586 
83 422 
544 84 
241 762 
749 888 
108 445 
65 579 
804 467 
796 911 
683 595 
63 804 
495 446 
370 401 
426 524 
623 599 
920 207 
203 280 
785 570 
892 27 
317 424 
592 282 
847 699 
144 748 
0 191 
198 730 
802 829 
113 184 
848 601 
412 19 
62 155 
577 38 
18 626 
209 262 
928 635 
352 142 
632 172 
552 523 
433 430 
873 674 
555 429 
394 344 
135 331 
698 158 
63 998 
250 197 
808 887 
140 526 
533 912 
468 795 
672 97 
237 644 
971 969 
528 55 
273 613 
550 692 
886 611 
953 37 
641 597 
176 973 
101 89 
418 129 
63 640 
438 226 
20 28 
66 787 
532 628 
800 231 
908 321 
344 38 
370 523 
272 160 
23 223 
449 448 
571 922 
904 267 
217 187 
265 653 
997 250 
309 38 
228 973 
302 564 
463 283 
441 493 
986 944 
921 494 
59 669 
211 799 
690 611 
308 810 
789 188 
72 126 
168 822 
490 899 
899 551 
826 924 
791 187 
785 209 
280 201 
424 170 
206 585 
740 258 
928 171 
153 42 
107 77 
418 314 
659 959 
490 464 
399 686 
747 990 
879 618 
127 847 
983 639 
24 487 
697 43 
925 850 
704 999 
493 824 
556 695 
494 837 
121 169 
886 680 
699 611 
5 142 
575 177 
75 618 
295 28 
939 365 
703 334 
733 203 
937 836 
911 20 
757 491 
110 611 
943 231 
707 44 
869 611 
897 471 
516 525 
971 343 
485 776 
426 734 
192 51 
42 840 
85 941 
510 305 
161 344 
543 343 
451 71 
176 563 
254 364 
806 82 
22 427 
847 745 
435 262 
878 883 
131 730 
452 922 
490 374 
615 834 
442 783 
670 941 
498 423 
492 23 
178 55 
291 38 
533 483 
166 469 
176 224 
524 901 
304 833 
838 882 
359 239 
907 858 
679 746 
747 826 
661 519 
967 975 
488 809 
592 599 
573 718 
904 522 
546 383 
102 225 
220 725 
852 64 
148 105 
488 45 
943 328 
329 191 
310 195 
207 35 
988 707 
54 995 
25 458 
551 669 
34 525 
706 40 
189 586 
486 574 
121 90 
247 877 
298 628 
556 586 
829 175 
301 691 
205 187 
951 177 
502 584 
753 667 
545 360 
869 622 
897 656 
813 870 
304 643 
418 340 
869 152 
937 883 
155 589 
884 198 
480 396 
273 578 
945 112 
880 982 
3 331 
648 294 
112 586 
38 41 
23 46 
277 496 
426 218 
404 140 
418 835 
746 586 
780 209 
604 143 
461 285 
566 92 
87 357 
181 258 
68 683 
28 64 
349 968 
128 158 
918 860 
165 222 
356 403 
697 70 
211 575 
869 642 
992 732 
563 916 
38 99 
378 657 
590 255 
1 969 
600 248 
308 561 
993 253 
68 904 
779 905 
468 496 
3 263 
210 851 
566 618 
106 249 
261 377 
838 663 
436 8 
796 844 
334 232 
41 282 
951 191 
720 586 
846 750 
205 977 
782 137 
904 363 
466 809 
257 959 
660 271 
902 377 
654 639 
62 7 
651 340 
596 959 
76 914 
562 360 
786 774 
174 208 
768 567 
603 909 
767 753 
967 414 
676 137 
724 387 
576 589 
3 148 
679 12 
466 87 
356 41 
7 864 
955 624 
669 305 
257 705 
275 633 
877 360 
693 938 
193 2 
602 99 
218 305 
823 350 
650 79 
649 288 
732 245 
873 169 
859 560 
868 472 
263 229 
858 85 
210 581 
863 675 
635 191 
530 957 
437 756 
544 316 
296 493 
749 536 
94 323 
881 477 
635 0 
760 423 
528 975 
281 831 
195 459 
52 356 
235 723 
209 976 
24 830 
441 625 
471 570 
205 391 
247 138 
476 386 
170 908 
127 413 
180 624 
388 71 
114 799 
206 791 
745 891 
792 98 
498 619 
779 828 
938 417 
49 710 
183 92 
65 477 
866 20 
591 286 
100 11 
450 668 
418 429 
723 916 
114 201 
99 557 
12 368 
510 335 
800 688 
979 305 
153 804 
291 448 
396 792 
774 458 
892 991 
141 598 
777 505 
583 163 
517 859 
529 281 
776 201 
885 249 
351 758 
113 607 
858 454 
467 98 
688 128 
608 5 
993 346 
107 80 
386 908 
878 168 
400 367 
310 392 
867 500 
287 105 
654 340 
745 905 
872 737 
699 930 
981 459 
276 267 
109 60 
153 285 
21 294 
315 720 
557 227 
794 507 
606 364 
965 224 
852 792 
593 625 
394 974 
848 337 
780 191 
502 867 
603 786 
462 267 
665 979 
825 912 
440 832 
265 878 
66 80 
395 684 
814 132 
127 528 
136 242 
290 800 
484 980 
178 134 
866 943 
48 19 
451 754 
914 935 
669 930 
419 588 
666 611 
752 258 
306 607 
269 932 
40 708 
735 941 
338 481 
114 416 
867 287 
524 71 
323 319 
171 595 
606 594 
408 457 
785 670 
255 914 
307 713 
351 253 
166 46 
658 202 
106 752 
231 995 
612 391 
140 777 
591 558 
912 783 
263 207 
566 800 
33 92 
748 190 
921 451 
988 804 
310 635 
767 360 
63 375 
954 974 
265 30 
476 653 
819 877 
948 868 
308 408 
733 80 
975 575 
470 876 
213 875 
523 930 
296 946 
759 275 
383 613 
735 609 
863 989 
838 79 
812 400 
946 694 
543 964 
57 482 
219 331 
30 495 
326 193 
542 428 
249 729 
384 995 
296 703 
706 915 
808 731 
22 331 
46 541 
437 554 
199 508 
938 55 
292 94 
846 377 
56 699 
412 229 
971 783 
773 303 
62 189 
66 898 
981 679 
369 705 
319 969 
843 922 
347 633 
196 914 
386 594 
317 376 
76 594 
306 673 
588 170 
475 826 
155 102 
130 113 
315 886 
349 262 
562 703 
359 802 
928 469 
920 609 
918 162 
150 414 
824 888 
222 378 
986 612 
237 362 
841 683 
827 654 
52 415 
185 569 
106 384 
865 713 
853 779 
132 906 
350 894 
649 602 
492 839 
894 354 
275 264 
114 458 
424 854 
568 294 
927 47 
278 732 
413 472 
517 963 
837 969 
635 231 
834 979 
417 522 
277 631 
939 20 
458 36 
42 901 
863 225 
305 621 
751 44 
539 879 
480 128 
607 416 
993 356 
503 728 
790 914 
188 458 
144 501 
833 931 
331 912 
548 612 
110 547 
485 429 
179 618 
855 948 
708 438 
484 98 
703 88 
492 401 
275 295 
340 901 
829 624 
432 486 
404 189 
63 341 
480 598 
174 963 
10 20 
779 249 
185 586 
920 258 
172 742 
625 191 
966 119 
626 861 
542 161 
711 420 
348 179 
813 991 
779 126 
294 455 
602 979 
837 306 
485 652 
981 321 
907 52 
72 753 
701 740 
941 460 
902 776 
370 794 
788 365 
566 727 
266 593 
863 22 
516 311 
508 231 
872 447 
472 700 
72 129 
114 955 
241 595 
810 488 
927 116 
361 25 
875 601 
440 752 
981 839 
506 688 
510 470 
459 595 
707 524 
229 331 
943 946 
87 925 
4 583 
295 117 
483 158 
758 668 
351 809 
866 471 
838 686 
66 807 
555 456 
0 34 
641 823 
206 289 
824 443 
230 585 
616 23 
229 80 
646 424 
855 943 
393 225 
599 454 
625 55 
645 378 
875 207 
212 403 
392 632 
168 632 
977 898 
836 184 
5 102 
567 832 
844 47 
102 119 
907 912 
434 747 
558 295 
142 525 
395 469 
800 755 
925 232 
980 187 
382 226 
388 334 
490 964 
361 188 
205 5 
460 97 
805 139 
278 241 
351 729 
164 494 
428 932 
125 44 
426 869 
816 212 
273 507 
497 589 
288 552 
511 678 
626 103 
420 255 
513 721 
882 191 
229 433 
450 266 
179 754 
896 52 
5 248 
532 710 
319 976 
247 124 
175 586 
247 414 
658 720 
389 645 
486 765 
850 652 
937 514 
361 659 
263 992 
813 229 
277 370 
875 327 
795 625 
223 730 
945 113 
676 633 
46 521 
988 602 
837 222 
846 335 
688 905 
415 836 
204 402 
476 730 
880 32 
794 447 
795 644 
219 943 
926 911 
778 258 
643 125 
878 364 
393 976 
295 705 
598 482 
480 319 
370 745 
719 640 
339 700 
224 730 
669 710 
950 335 
559 55 
567 888 
208 705 
573 150 
156 494 
453 152 
923 784 
466 465 
699 376 
458 775 
262 639 
858 431 
322 949 
0 580 
751 786 
712 944 
651 633 
