500 3000
195 3 
185 194 
341 215 
453 110 
33 458 
457 247 
147 139 
108 324 
66 306 
243 495 
250 27 
207 290 
162 446 
469 336 
222 444 
89 427 
79 427 
361 86 
214 86 
286 65 
471 202 
267 86 
28 295 
58 3 
217 352 
54 75 
57 469 
312 165 
453 86 
69 278 
69 10 
401 177 
329 271 
78 346 
178 165 
125 147 
107 193 
308 436 
284 374 
308 341 
158 203 
400 131 
324 64 
459 284 
183 17 
227 195 
301 464 
180 17 
175 27 
249 499 
226 361 
34 133 
147 52 
406 422 
34 481 
433 320 
98 391 
355 105 
56 111 
310 86 
125 222 
93 135 
149 350 
483 205 
376 43 
405 102 
23 310 
399 286 
136 448 
353 421 
34 260 
366 244 
361 210 
82 216 
195 246 
423 113 
298 332 
367 152 
4 427 
474 45 
327 9 
76 8 
402 86 
150 436 
37 310 
379 87 
59 95 
56 206 
209 167 
419 460 
83 245 
70 96 
238 410 
413 13 
326 288 
34 14 
215 11 
376 336 
156 242 
165 347 
87 186 
485 129 
404 236 
179 213 
402 27 
262 77 
239 32 
52 121 
214 301 
138 321 
356 265 
401 277 
225 135 
457 342 
478 448 
169 463 
374 102 
104 270 
158 86 
10 436 
347 283 
365 18 
259 438 
50 120 
154 108 
225 368 
488 402 
103 268 
257 200 
45 135 
49 86 
224 172 
394 376 
235 155 
379 55 
424 72 
80 11 
142 52 
378 305 
55 295 
209 105 
145 346 
489 333 
207 371 
4 410 
207 4 
113 476 
444 399 
167 431 
356 415 
320 218 
223 280 
427 27 
332 17 
68 1 
129 487 
451 289 
297 256 
252 426 
347 269 
450 296 
389 222 
296 295 
41 302 
298 204 
63 293 
97 115 
495 177 
102 110 
439 417 
201 207 
287 324 
73 75 
74 45 
424 42 
235 284 
57 27 
129 94 
31 55 
359 161 
410 375 
118 173 
4 320 
479 432 
123 326 
261 427 
194 416 
350 342 
8 476 
221 498 
51 16 
82 427 
379 382 
334 283 
341 45 
51 329 
414 8 
473 405 
473 295 
386 314 
341 143 
432 228 
84 239 
369 57 
162 105 
58 326 
340 294 
31 86 
392 415 
350 332 
389 376 
471 29 
205 265 
437 313 
56 41 
214 391 
426 452 
254 172 
381 28 
418 91 
160 489 
130 133 
8 66 
35 206 
453 112 
307 5 
312 92 
482 273 
80 179 
486 485 
298 279 
341 309 
343 144 
445 273 
310 342 
340 204 
107 266 
108 27 
363 186 
444 269 
277 174 
496 70 
279 427 
163 215 
467 121 
279 461 
281 27 
108 414 
395 174 
234 2 
34 18 
64 495 
230 365 
437 260 
379 427 
452 90 
410 46 
375 17 
213 129 
105 342 
37 336 
323 360 
1 259 
476 221 
44 355 
43 131 
10 162 
439 52 
13 446 
103 90 
124 250 
377 122 
205 463 
314 413 
151 193 
163 227 
171 411 
362 15 
212 268 
407 252 
274 156 
59 377 
435 83 
38 275 
321 263 
188 112 
4 258 
378 420 
157 412 
317 1 
64 375 
339 269 
344 320 
134 2 
95 400 
36 117 
491 498 
404 342 
30 329 
457 123 
286 429 
74 463 
159 470 
433 388 
450 165 
218 90 
108 371 
232 329 
103 278 
225 304 
171 429 
281 412 
310 438 
27 246 
123 2 
489 252 
34 111 
369 393 
371 89 
37 195 
442 58 
243 461 
268 464 
384 112 
472 46 
227 321 
374 245 
378 304 
392 325 
80 183 
161 86 
404 413 
367 216 
136 250 
243 478 
494 382 
389 355 
441 194 
99 126 
407 65 
433 454 
444 320 
416 351 
309 94 
123 104 
44 481 
326 53 
143 256 
159 295 
370 302 
16 250 
57 305 
44 8 
312 415 
285 46 
3 86 
435 176 
25 86 
408 107 
163 27 
107 156 
296 27 
200 269 
136 5 
169 458 
485 360 
235 200 
49 193 
159 354 
160 353 
138 12 
132 306 
10 469 
337 278 
435 199 
234 29 
388 486 
435 156 
284 240 
178 495 
409 397 
188 402 
335 70 
85 462 
172 398 
184 342 
70 177 
103 341 
178 478 
196 343 
245 447 
472 278 
369 133 
282 393 
234 461 
7 150 
435 88 
8 313 
275 454 
295 252 
98 92 
277 86 
411 249 
81 3 
10 106 
443 181 
247 252 
236 211 
482 169 
400 4 
361 95 
228 75 
125 290 
5 86 
289 148 
272 122 
399 341 
476 107 
42 250 
304 157 
329 100 
95 427 
403 393 
313 246 
420 220 
155 363 
479 273 
286 265 
268 375 
308 490 
448 427 
274 347 
393 364 
316 282 
224 27 
426 246 
104 14 
279 299 
360 161 
394 432 
392 363 
423 129 
499 102 
58 195 
190 27 
31 389 
135 157 
344 206 
197 214 
454 8 
227 487 
44 86 
224 28 
226 348 
147 380 
486 86 
153 79 
429 322 
30 277 
420 407 
403 278 
249 478 
334 263 
262 228 
210 106 
103 383 
212 152 
436 86 
231 485 
108 62 
32 327 
279 408 
98 385 
282 137 
316 250 
450 423 
316 444 
473 430 
4 3 
456 475 
122 86 
128 54 
392 177 
99 185 
212 79 
8 242 
314 67 
94 293 
147 174 
59 196 
287 332 
251 264 
175 486 
363 196 
156 427 
449 485 
367 164 
482 278 
281 348 
337 424 
485 357 
74 401 
89 306 
236 86 
395 213 
439 141 
489 35 
374 286 
108 245 
14 460 
62 395 
440 415 
370 325 
95 383 
190 242 
389 33 
176 183 
104 87 
249 202 
293 184 
235 46 
77 193 
443 278 
359 255 
389 123 
394 12 
231 348 
316 214 
454 96 
98 158 
388 295 
238 343 
21 122 
490 27 
107 88 
327 121 
118 227 
239 491 
481 168 
41 254 
308 86 
274 269 
333 391 
241 374 
281 397 
451 185 
141 394 
116 81 
358 183 
136 122 
61 387 
138 24 
42 182 
302 424 
247 499 
241 382 
92 368 
490 23 
162 36 
439 42 
365 231 
252 148 
126 161 
376 252 
358 110 
445 280 
241 399 
480 83 
123 195 
422 251 
305 273 
401 453 
202 161 
54 11 
204 236 
140 329 
4 94 
287 427 
482 428 
82 433 
487 306 
290 50 
209 329 
340 495 
66 164 
332 329 
339 243 
437 48 
98 288 
238 161 
222 495 
153 416 
142 378 
3 373 
22 402 
207 437 
165 438 
138 168 
444 11 
384 5 
114 201 
12 21 
225 198 
54 252 
322 470 
486 157 
172 432 
379 495 
102 420 
290 368 
292 155 
95 97 
312 489 
403 489 
244 378 
279 326 
59 148 
278 92 
213 487 
404 86 
0 40 
359 263 
245 151 
18 90 
43 303 
481 173 
142 298 
52 345 
92 156 
451 231 
490 295 
416 86 
144 127 
164 91 
15 112 
437 320 
312 366 
176 264 
334 89 
132 418 
215 318 
219 236 
473 108 
142 381 
140 348 
151 86 
390 29 
138 362 
494 481 
149 30 
254 220 
326 65 
180 426 
102 143 
383 263 
23 427 
95 63 
126 24 
118 216 
308 48 
240 488 
487 357 
457 346 
394 29 
457 184 
34 180 
276 402 
124 29 
28 359 
321 369 
350 195 
348 86 
102 432 
190 86 
142 352 
260 446 
125 313 
30 170 
197 407 
376 263 
170 328 
241 482 
185 335 
165 168 
24 53 
315 380 
282 47 
410 199 
317 57 
346 3 
103 496 
142 28 
422 118 
378 361 
118 400 
81 140 
93 235 
256 11 
407 5 
24 192 
141 220 
0 454 
149 427 
116 173 
295 47 
36 199 
270 144 
5 152 
308 268 
23 204 
314 65 
142 359 
116 132 
413 86 
422 480 
422 481 
462 382 
262 360 
69 172 
38 13 
58 48 
444 66 
78 373 
58 24 
26 123 
32 47 
335 289 
167 9 
244 43 
201 188 
365 66 
125 39 
69 470 
12 50 
498 17 
163 452 
65 477 
46 323 
183 88 
448 264 
394 295 
489 215 
454 324 
257 85 
276 83 
68 59 
339 425 
392 397 
337 85 
496 259 
89 464 
442 86 
340 236 
483 486 
59 90 
214 495 
81 213 
324 485 
489 481 
471 148 
241 28 
406 417 
182 332 
262 234 
85 310 
155 188 
178 80 
403 57 
370 149 
442 218 
148 146 
369 8 
142 322 
401 86 
149 28 
406 72 
225 152 
395 155 
309 86 
403 321 
266 429 
376 219 
126 109 
15 427 
334 12 
292 284 
200 164 
128 219 
133 27 
359 306 
282 185 
428 17 
430 393 
59 2 
152 40 
31 469 
335 148 
439 58 
125 339 
70 24 
389 55 
244 380 
481 79 
46 431 
488 200 
448 432 
212 330 
171 47 
340 459 
319 164 
28 131 
404 372 
337 155 
254 251 
377 2 
56 295 
253 485 
26 481 
95 3 
442 104 
314 117 
99 471 
220 196 
199 436 
379 469 
21 144 
274 261 
378 450 
418 252 
439 147 
448 498 
82 161 
426 491 
287 104 
350 17 
349 149 
334 373 
42 322 
76 482 
408 363 
19 65 
172 387 
76 22 
356 397 
327 204 
302 382 
97 243 
239 151 
58 481 
8 486 
64 183 
183 402 
277 310 
262 126 
399 427 
69 27 
469 420 
481 112 
1 268 
93 348 
262 415 
473 196 
444 25 
315 112 
281 425 
399 273 
410 264 
416 423 
112 208 
397 117 
69 52 
474 12 
41 124 
4 122 
230 300 
462 232 
334 242 
7 279 
108 223 
209 412 
324 77 
181 444 
392 288 
299 80 
279 359 
171 278 
42 156 
263 94 
334 346 
64 63 
48 166 
428 286 
332 24 
178 17 
338 264 
365 97 
142 37 
122 202 
307 436 
295 236 
363 17 
56 180 
24 27 
439 476 
162 86 
316 58 
405 149 
56 214 
298 59 
297 217 
430 159 
81 203 
38 66 
282 191 
230 174 
281 349 
33 260 
350 79 
87 320 
358 277 
178 63 
141 3 
78 40 
160 192 
11 199 
424 397 
75 460 
61 47 
31 199 
271 395 
346 310 
428 375 
417 402 
466 305 
170 322 
66 263 
306 144 
43 209 
453 449 
304 133 
442 214 
92 264 
330 32 
104 306 
30 269 
392 323 
450 132 
48 263 
300 445 
252 264 
334 251 
234 86 
312 124 
388 495 
371 2 
354 27 
1 300 
406 107 
483 175 
262 466 
69 151 
378 470 
397 402 
41 86 
456 416 
201 152 
274 111 
110 268 
167 24 
368 345 
28 158 
172 407 
170 408 
327 135 
33 426 
340 27 
229 410 
162 27 
62 30 
28 253 
83 166 
268 124 
458 259 
389 350 
185 408 
154 273 
413 397 
482 488 
280 165 
379 92 
168 467 
253 415 
271 177 
76 218 
207 86 
190 324 
177 67 
374 495 
38 204 
222 407 
189 321 
479 20 
82 386 
222 459 
448 310 
356 124 
6 138 
183 174 
0 320 
215 409 
307 169 
465 193 
446 27 
365 24 
179 429 
444 155 
141 200 
69 298 
440 350 
327 432 
7 353 
107 2 
319 448 
334 309 
106 27 
66 310 
85 348 
352 371 
404 385 
102 481 
474 104 
114 8 
465 132 
59 27 
153 72 
27 228 
15 412 
99 2 
305 383 
287 20 
269 86 
120 306 
362 374 
329 343 
446 156 
297 428 
18 402 
328 365 
84 210 
150 72 
434 462 
307 324 
179 325 
142 358 
49 429 
142 292 
399 150 
422 460 
209 357 
422 198 
328 8 
308 495 
126 75 
424 195 
480 55 
443 44 
459 402 
31 253 
212 316 
479 128 
169 445 
475 351 
242 45 
484 91 
442 12 
341 462 
128 226 
124 133 
443 27 
182 60 
381 260 
442 435 
149 310 
162 463 
200 64 
405 133 
389 356 
400 286 
326 18 
312 215 
22 12 
365 315 
379 110 
370 382 
114 66 
210 374 
334 27 
289 495 
97 27 
171 201 
129 460 
71 452 
265 427 
66 43 
349 165 
116 133 
229 396 
361 432 
240 236 
68 95 
247 490 
416 105 
37 386 
385 248 
87 291 
333 310 
461 301 
396 169 
452 94 
9 3 
282 459 
440 202 
395 20 
155 245 
340 132 
92 225 
252 458 
224 76 
172 122 
324 402 
241 86 
141 71 
376 87 
376 310 
279 329 
407 63 
85 86 
437 85 
292 425 
338 213 
154 82 
56 218 
499 65 
406 442 
42 335 
325 416 
482 1 
265 272 
15 32 
15 101 
156 322 
393 27 
188 237 
320 427 
136 288 
210 492 
166 11 
215 496 
130 236 
174 331 
367 93 
490 176 
325 206 
434 264 
379 447 
485 186 
305 27 
234 163 
195 288 
205 107 
337 63 
108 412 
161 134 
159 216 
456 180 
424 374 
7 27 
370 74 
341 86 
151 112 
499 491 
316 132 
225 79 
371 245 
153 155 
163 372 
162 28 
417 421 
133 198 
437 96 
430 289 
422 86 
171 106 
124 191 
389 274 
63 94 
48 176 
368 460 
6 346 
386 490 
413 359 
153 34 
5 425 
245 236 
312 278 
481 27 
163 236 
419 301 
64 461 
317 63 
5 338 
112 283 
215 12 
282 131 
138 438 
109 220 
12 98 
330 259 
456 412 
113 263 
19 86 
113 27 
299 480 
276 64 
401 225 
399 314 
189 115 
263 86 
392 27 
178 357 
241 433 
159 196 
311 72 
55 464 
136 4 
320 272 
276 108 
274 367 
407 175 
467 290 
268 452 
319 464 
33 403 
230 495 
488 445 
17 364 
358 197 
105 260 
381 27 
268 206 
195 368 
234 120 
14 499 
443 113 
413 384 
160 86 
163 312 
106 256 
92 17 
87 117 
481 432 
448 121 
181 349 
150 118 
401 226 
181 242 
449 365 
197 86 
199 289 
219 2 
60 106 
81 183 
312 210 
214 494 
24 86 
420 161 
373 100 
42 309 
72 32 
89 486 
354 342 
473 167 
474 42 
150 96 
429 86 
459 188 
459 422 
350 379 
456 373 
159 8 
302 333 
445 156 
241 264 
408 220 
37 214 
42 86 
48 476 
93 24 
226 4 
299 57 
348 377 
154 327 
32 343 
294 442 
338 327 
467 402 
162 30 
68 86 
392 189 
226 277 
170 362 
371 105 
110 45 
308 415 
141 2 
249 197 
141 143 
333 122 
470 192 
465 52 
344 486 
89 178 
486 79 
107 94 
456 433 
30 185 
292 70 
334 464 
364 293 
388 322 
439 293 
33 415 
430 270 
479 165 
422 143 
277 485 
36 86 
104 325 
328 11 
89 263 
493 188 
216 70 
444 95 
467 183 
371 85 
424 44 
490 498 
295 16 
262 97 
155 164 
15 24 
459 117 
330 459 
123 467 
7 29 
356 27 
319 157 
413 239 
230 361 
74 268 
276 265 
392 200 
149 432 
126 86 
6 214 
95 373 
371 194 
167 410 
449 399 
103 400 
128 232 
244 117 
369 86 
72 192 
249 248 
313 218 
299 464 
68 209 
155 86 
395 24 
350 461 
78 109 
6 29 
485 306 
178 105 
5 418 
3 251 
399 491 
337 492 
429 427 
182 64 
208 213 
234 411 
195 428 
6 384 
292 305 
15 143 
362 63 
2 221 
372 486 
129 272 
409 86 
217 385 
489 426 
465 247 
243 467 
128 145 
154 309 
147 50 
201 412 
141 413 
48 351 
164 256 
111 480 
388 411 
408 184 
21 414 
350 493 
183 322 
170 425 
63 242 
330 122 
241 302 
76 68 
308 478 
200 79 
308 339 
104 434 
136 397 
62 149 
142 135 
128 162 
214 206 
398 390 
33 172 
138 375 
18 492 
306 86 
79 112 
100 107 
146 191 
140 264 
222 224 
97 29 
80 24 
397 213 
284 295 
218 5 
363 380 
71 86 
51 105 
408 267 
60 291 
496 326 
159 161 
240 336 
244 413 
401 106 
399 54 
313 495 
281 201 
37 433 
236 242 
62 35 
346 116 
369 20 
279 22 
226 252 
214 402 
325 73 
287 4 
461 236 
165 348 
459 169 
434 323 
381 3 
122 220 
128 61 
430 85 
488 250 
6 447 
329 436 
212 332 
396 329 
126 289 
105 92 
340 447 
190 498 
80 418 
48 27 
256 272 
372 459 
338 46 
314 252 
114 397 
106 49 
19 27 
387 397 
456 65 
372 445 
60 23 
499 86 
156 285 
287 413 
150 135 
316 54 
440 326 
10 21 
375 295 
125 395 
446 94 
358 164 
499 87 
257 472 
388 2 
78 81 
370 209 
430 480 
4 70 
0 375 
182 240 
428 290 
57 86 
350 213 
247 427 
16 237 
440 116 
38 397 
114 253 
352 186 
265 27 
219 429 
339 148 
21 175 
437 94 
449 459 
105 122 
278 220 
93 86 
420 94 
384 87 
169 86 
32 493 
185 29 
140 393 
443 451 
238 201 
403 333 
14 327 
34 336 
6 62 
154 164 
153 387 
58 225 
381 165 
415 79 
455 326 
76 284 
304 495 
68 277 
312 239 
281 102 
457 65 
93 174 
237 301 
466 246 
254 240 
365 164 
329 195 
30 98 
410 261 
275 313 
406 276 
130 339 
116 180 
473 153 
35 297 
37 19 
481 289 
379 301 
300 397 
123 416 
337 0 
328 302 
369 257 
468 48 
233 330 
359 158 
491 19 
142 474 
431 343 
72 86 
57 255 
73 477 
288 2 
180 284 
189 205 
281 390 
6 332 
295 17 
354 83 
281 18 
48 124 
219 27 
312 418 
73 201 
430 382 
54 427 
495 27 
334 223 
33 55 
434 485 
310 255 
286 303 
349 174 
496 146 
18 382 
281 111 
339 467 
490 229 
453 447 
301 132 
326 86 
108 233 
154 356 
417 487 
334 397 
66 32 
215 83 
449 114 
60 436 
351 245 
64 393 
462 348 
309 95 
150 447 
308 212 
343 385 
344 410 
462 156 
265 410 
283 402 
429 258 
284 210 
269 387 
124 432 
312 3 
170 215 
319 477 
456 299 
307 265 
145 499 
423 335 
440 439 
379 353 
38 314 
443 304 
111 85 
269 40 
1 27 
489 110 
49 436 
373 236 
430 103 
158 122 
309 339 
141 479 
479 423 
28 393 
66 27 
378 325 
33 328 
142 466 
346 207 
356 374 
274 138 
403 399 
193 236 
18 448 
138 165 
58 165 
182 152 
34 373 
457 491 
307 445 
269 472 
154 147 
118 271 
230 116 
340 223 
410 122 
33 114 
155 90 
190 306 
413 195 
151 27 
38 2 
350 54 
428 196 
59 177 
386 358 
496 495 
37 156 
307 83 
11 135 
247 436 
22 135 
125 233 
488 14 
324 214 
480 24 
136 38 
98 67 
473 382 
25 270 
312 482 
287 84 
305 71 
386 80 
334 155 
55 481 
121 191 
407 314 
309 191 
403 187 
142 392 
195 2 
346 429 
15 27 
320 327 
142 119 
457 329 
284 55 
51 223 
56 377 
210 395 
372 310 
482 432 
482 73 
301 331 
197 471 
424 452 
188 79 
300 85 
499 327 
370 427 
318 463 
416 27 
52 404 
21 324 
60 127 
422 303 
312 447 
256 129 
445 218 
123 90 
393 70 
115 111 
229 432 
406 17 
407 105 
223 432 
12 216 
299 272 
300 381 
51 129 
3 431 
347 345 
41 132 
396 446 
422 19 
149 332 
29 368 
84 285 
13 485 
82 193 
230 221 
453 313 
206 83 
83 255 
70 127 
265 461 
496 415 
422 464 
180 197 
440 397 
363 77 
365 132 
277 253 
305 351 
455 21 
171 86 
319 262 
31 474 
18 303 
185 339 
158 447 
254 37 
82 466 
87 402 
62 360 
238 184 
384 260 
312 27 
11 303 
78 274 
449 295 
453 400 
246 50 
87 271 
399 11 
451 245 
66 79 
276 447 
25 122 
229 209 
170 105 
370 154 
240 32 
320 121 
467 106 
14 27 
220 438 
451 227 
170 124 
486 487 
312 8 
153 480 
292 252 
340 306 
260 464 
361 195 
276 160 
147 323 
302 295 
99 356 
123 392 
30 320 
290 132 
457 150 
338 86 
437 220 
227 422 
128 464 
499 67 
296 213 
382 472 
230 423 
55 407 
56 50 
439 404 
105 481 
411 133 
373 203 
125 256 
175 148 
326 11 
455 380 
247 406 
386 286 
91 144 
297 361 
354 171 
110 133 
319 31 
214 377 
433 36 
165 132 
419 252 
247 42 
284 335 
350 499 
162 245 
396 417 
61 235 
409 83 
334 5 
105 385 
183 196 
56 249 
73 161 
275 465 
260 195 
424 146 
153 86 
14 333 
335 447 
424 431 
299 403 
10 86 
471 282 
6 475 
43 27 
131 152 
384 3 
71 79 
156 270 
337 404 
388 314 
403 435 
448 494 
48 388 
160 317 
295 310 
487 220 
200 481 
320 195 
103 261 
3 357 
444 307 
41 98 
264 166 
423 88 
100 157 
352 11 
10 435 
171 132 
145 455 
38 298 
36 410 
215 20 
57 289 
7 409 
124 21 
107 161 
406 393 
337 97 
335 469 
370 48 
180 285 
326 54 
408 397 
163 399 
427 148 
162 453 
303 183 
408 151 
126 306 
402 109 
53 357 
435 36 
14 469 
76 414 
363 283 
141 56 
151 231 
52 86 
128 3 
474 486 
66 220 
20 290 
58 70 
406 341 
486 398 
455 321 
344 496 
201 429 
439 256 
350 86 
26 273 
404 257 
181 119 
356 303 
430 338 
490 105 
382 152 
57 348 
485 336 
440 237 
22 280 
143 211 
17 306 
33 113 
490 122 
13 120 
464 45 
359 311 
60 419 
73 169 
263 348 
372 166 
59 413 
182 257 
207 467 
348 161 
87 85 
376 70 
99 86 
403 431 
448 17 
111 198 
22 420 
492 450 
36 203 
41 411 
479 61 
379 464 
241 259 
38 130 
495 336 
300 13 
245 121 
336 131 
204 289 
238 385 
178 106 
487 251 
178 19 
379 428 
178 384 
179 293 
489 111 
469 246 
86 86 
182 45 
141 379 
60 395 
342 458 
397 122 
185 261 
87 306 
244 27 
328 314 
32 452 
253 361 
365 138 
298 308 
169 185 
176 400 
84 260 
245 213 
282 16 
397 271 
350 373 
94 221 
140 86 
250 258 
87 432 
443 86 
495 17 
389 70 
376 464 
478 211 
375 121 
325 86 
460 380 
182 54 
352 236 
170 86 
179 369 
415 263 
213 322 
241 300 
73 140 
351 360 
439 19 
106 266 
114 30 
260 98 
269 418 
401 116 
111 95 
238 45 
317 163 
401 79 
440 359 
344 124 
299 424 
88 495 
171 49 
1 290 
420 214 
37 494 
103 146 
59 79 
247 461 
159 204 
49 323 
277 51 
451 437 
212 225 
210 88 
97 290 
433 313 
113 193 
124 86 
210 148 
410 86 
248 203 
411 86 
91 39 
347 27 
425 228 
419 321 
392 225 
113 283 
372 239 
34 23 
21 329 
480 2 
136 218 
417 356 
333 336 
82 85 
406 35 
128 125 
479 476 
485 236 
348 27 
74 258 
205 407 
82 123 
241 104 
356 407 
225 301 
438 242 
402 318 
13 357 
249 61 
462 27 
296 17 
296 204 
82 17 
61 27 
305 191 
305 188 
326 332 
197 195 
41 284 
8 39 
176 195 
451 440 
437 86 
121 151 
489 404 
350 18 
10 446 
321 242 
116 174 
116 102 
38 418 
378 27 
187 24 
250 19 
379 260 
376 445 
57 295 
99 377 
59 445 
394 128 
108 301 
216 315 
145 475 
257 27 
277 447 
104 436 
277 27 
340 286 
295 24 
158 347 
175 17 
114 413 
126 452 
33 59 
358 457 
76 193 
83 497 
312 281 
89 383 
262 105 
337 444 
268 498 
296 156 
73 384 
405 120 
171 210 
33 262 
51 421 
499 307 
95 245 
89 86 
182 306 
316 86 
6 363 
81 292 
473 240 
202 288 
418 196 
17 27 
483 52 
244 124 
123 339 
132 152 
31 106 
182 27 
169 306 
185 95 
393 77 
491 402 
174 463 
449 292 
191 63 
44 371 
363 447 
207 196 
169 5 
59 397 
141 5 
315 359 
257 448 
230 110 
321 413 
84 0 
409 172 
244 379 
126 122 
447 27 
358 72 
197 338 
18 120 
165 121 
465 86 
349 284 
142 74 
333 293 
254 112 
445 326 
282 210 
401 447 
161 109 
491 17 
329 86 
496 466 
499 472 
143 462 
43 400 
447 167 
69 349 
349 321 
29 461 
41 175 
277 348 
52 148 
312 169 
176 313 
34 286 
136 25 
219 230 
405 136 
240 487 
72 260 
13 427 
165 119 
62 158 
118 272 
211 187 
245 25 
279 278 
446 486 
381 496 
209 384 
481 213 
117 332 
170 52 
227 400 
437 13 
25 313 
434 371 
183 288 
371 130 
238 162 
447 53 
497 239 
362 209 
393 343 
47 261 
328 227 
178 47 
396 373 
51 350 
224 289 
413 326 
164 86 
437 277 
473 95 
110 209 
478 257 
273 435 
19 323 
359 448 
33 46 
164 204 
124 155 
244 474 
212 173 
148 45 
371 436 
48 310 
376 246 
420 158 
43 415 
386 156 
169 289 
123 50 
14 3 
459 296 
465 263 
0 425 
89 18 
328 265 
87 418 
282 242 
407 239 
205 118 
139 281 
378 237 
321 193 
275 240 
386 338 
302 246 
430 236 
258 79 
291 355 
396 448 
204 402 
125 453 
153 139 
189 64 
400 231 
51 61 
183 202 
384 288 
214 329 
101 42 
284 373 
127 270 
114 290 
356 274 
181 214 
21 218 
151 318 
150 478 
339 368 
205 99 
466 351 
1 413 
223 27 
315 255 
362 397 
205 114 
349 432 
428 373 
362 127 
360 236 
437 264 
270 310 
430 447 
105 223 
499 436 
362 27 
172 269 
243 315 
482 86 
69 262 
480 283 
0 197 
268 363 
156 86 
140 237 
298 383 
465 319 
26 169 
37 35 
404 57 
126 477 
312 413 
332 13 
437 122 
356 147 
158 295 
456 377 
287 337 
313 402 
273 326 
316 12 
150 21 
240 86 
172 274 
36 210 
84 390 
275 438 
430 158 
116 52 
450 126 
188 174 
12 61 
29 184 
439 181 
181 42 
57 492 
319 346 
439 284 
299 188 
371 197 
305 239 
54 100 
354 13 
170 344 
207 127 
175 24 
100 24 
15 304 
126 220 
41 478 
372 402 
17 77 
71 237 
227 86 
14 43 
433 6 
315 27 
386 197 
457 467 
29 236 
330 36 
68 27 
62 455 
326 17 
466 329 
18 146 
167 343 
340 326 
324 152 
419 127 
198 338 
262 264 
234 142 
1 489 
136 449 
17 310 
55 315 
396 240 
181 23 
317 332 
452 2 
271 377 
403 379 
10 473 
219 3 
354 252 
182 216 
325 454 
100 161 
17 438 
230 190 
76 403 
239 447 
288 452 
330 411 
278 131 
436 425 
368 188 
427 173 
415 63 
386 71 
30 227 
429 17 
348 204 
1 134 
250 245 
116 3 
412 173 
362 255 
474 370 
244 326 
486 481 
455 263 
483 305 
189 83 
354 228 
245 19 
426 306 
110 122 
304 46 
172 236 
316 311 
472 24 
73 183 
238 249 
457 245 
369 472 
83 17 
142 100 
215 132 
472 100 
192 27 
33 134 
432 383 
71 367 
162 73 
358 398 
288 242 
83 65 
55 59 
74 179 
415 309 
425 86 
378 287 
229 96 
138 59 
459 485 
421 52 
429 336 
67 156 
74 301 
78 339 
411 113 
110 375 
415 412 
419 27 
37 264 
333 46 
40 272 
172 480 
363 164 
252 289 
485 220 
499 391 
300 138 
319 72 
273 148 
69 252 
104 195 
104 413 
314 495 
226 334 
455 26 
419 429 
34 249 
459 267 
459 24 
449 252 
238 13 
339 83 
141 263 
445 402 
70 86 
0 144 
141 80 
130 105 
330 52 
257 70 
229 63 
357 283 
439 376 
89 122 
12 77 
166 259 
37 138 
64 484 
378 165 
65 345 
275 276 
292 300 
473 296 
317 385 
99 3 
59 239 
230 424 
301 27 
142 326 
7 329 
308 172 
448 173 
247 50 
166 360 
349 236 
482 27 
62 427 
479 464 
143 176 
31 401 
185 445 
189 490 
267 475 
389 293 
130 86 
255 484 
317 416 
244 352 
138 493 
235 258 
341 65 
352 78 
253 293 
360 336 
239 209 
99 372 
254 15 
162 454 
145 201 
41 113 
328 499 
334 145 
440 28 
451 175 
289 126 
156 27 
269 155 
372 257 
417 216 
149 158 
84 117 
363 448 
365 287 
26 415 
434 448 
111 329 
8 79 
482 261 
1 296 
367 112 
490 291 
17 343 
269 476 
426 23 
43 336 
39 318 
446 452 
274 246 
488 373 
69 104 
171 378 
263 148 
147 238 
417 24 
464 164 
170 204 
152 187 
172 70 
140 71 
244 183 
442 253 
5 63 
400 98 
153 181 
78 430 
276 66 
165 236 
38 407 
222 235 
297 300 
425 23 
314 107 
476 32 
389 291 
104 273 
68 56 
74 2 
15 152 
210 407 
5 20 
296 143 
172 377 
482 35 
473 333 
462 122 
386 181 
434 336 
219 306 
336 306 
254 258 
112 156 
381 336 
268 347 
142 335 
361 140 
21 11 
147 468 
465 156 
433 94 
48 397 
190 456 
492 211 
164 75 
81 27 
479 69 
182 296 
93 304 
57 344 
372 58 
434 132 
347 135 
450 3 
454 302 
128 156 
145 24 
247 22 
85 131 
38 179 
275 161 
334 86 
162 225 
273 448 
358 32 
368 113 
163 420 
116 355 
22 359 
200 387 
43 460 
84 92 
378 483 
160 149 
271 3 
226 161 
459 368 
373 323 
411 315 
267 420 
61 161 
247 455 
284 343 
277 359 
163 335 
416 50 
286 436 
136 478 
352 442 
141 452 
423 86 
151 495 
257 86 
174 86 
386 315 
340 22 
29 333 
58 86 
440 62 
432 289 
433 310 
103 346 
406 432 
213 86 
316 443 
129 187 
389 451 
121 484 
80 249 
380 137 
465 209 
495 86 
440 472 
61 60 
279 335 
133 187 
19 173 
300 86 
479 183 
93 66 
230 208 
351 301 
477 9 
361 130 
292 239 
111 245 
269 225 
296 387 
81 11 
141 495 
15 429 
330 183 
2 303 
136 24 
138 161 
269 485 
417 168 
352 174 
223 368 
253 213 
171 351 
180 84 
298 314 
219 47 
49 382 
42 118 
235 348 
451 115 
463 431 
381 107 
165 402 
4 130 
130 261 
114 153 
150 418 
234 183 
222 35 
369 481 
486 126 
469 77 
269 310 
299 329 
229 220 
158 135 
282 27 
472 94 
225 320 
281 436 
416 120 
114 288 
492 351 
250 79 
393 54 
300 139 
409 492 
406 492 
69 230 
72 452 
304 24 
226 306 
148 86 
496 67 
138 466 
64 360 
267 22 
62 74 
335 164 
162 220 
160 120 
150 340 
1 376 
370 129 
36 24 
386 78 
257 441 
58 34 
264 412 
132 86 
66 309 
125 191 
143 481 
57 11 
7 103 
351 134 
284 310 
212 306 
256 70 
140 102 
108 64 
420 289 
262 162 
279 409 
461 85 
7 427 
346 13 
388 92 
454 55 
219 418 
173 228 
161 498 
10 333 
455 392 
478 88 
235 9 
276 12 
84 86 
479 406 
103 175 
14 347 
181 7 
281 216 
430 118 
330 241 
456 126 
214 87 
409 93 
333 485 
253 8 
6 119 
103 8 
308 89 
309 375 
264 322 
435 18 
203 322 
12 413 
15 472 
287 301 
51 77 
491 306 
114 375 
319 427 
344 458 
331 88 
292 249 
90 161 
478 129 
119 175 
436 236 
52 20 
210 192 
205 14 
434 103 
254 489 
352 497 
122 27 
466 50 
207 3 
140 341 
54 436 
176 242 
114 481 
329 377 
65 427 
82 394 
372 227 
44 402 
89 66 
345 432 
304 161 
479 24 
227 381 
329 306 
201 117 
308 17 
177 360 
34 59 
227 210 
276 20 
424 236 
417 108 
415 423 
480 261 
419 70 
391 216 
140 369 
356 0 
89 248 
88 67 
404 2 
37 182 
365 402 
350 362 
456 461 
451 111 
123 414 
87 436 
324 72 
196 47 
351 200 
241 148 
15 250 
449 243 
329 70 
377 304 
230 248 
78 110 
15 110 
218 427 
182 468 
181 215 
54 324 
400 402 
32 86 
312 422 
0 289 
321 423 
377 75 
443 219 
358 278 
306 364 
95 200 
55 484 
172 157 
68 189 
459 61 
217 86 
69 435 
83 410 
76 365 
170 59 
312 0 
451 255 
178 257 
297 418 
175 475 
97 122 
269 5 
379 268 
218 429 
137 364 
413 188 
265 126 
276 53 
186 132 
489 289 
160 264 
174 360 
96 447 
82 309 
