11
 607 191 888 505 149 147 338 793 352 380 405
 441 814 763 420 780 493 561 707 235 849 414
 801 193 638 200 516 657 706 776 367 862 224
 549 336 376 198 192 375 876 495 393 597 406
 897 467 890 826 643 679 748 774 204 782 863
 131 354 304 589 884 650 238 521 251 651 846
 138 270 261 318 157 867 455 674 625 418 658
 109 490 436 610 624 320 309 281 279 464 820
 821 131 118 208 498 218 255 119 148 114 600
 757 777 397 417 536 353 397 682 199 779 136
 480 325 219 236 712 412 490 439 403 728 258
0 1
0 2
0 3
0 4
0 5
0 6
6 7
7 8
8 9
9 10
