13
 52  9 42 65 54 47 16 62 35 47 63  2 48
 25  4 12 25 58 12 45 62 70 60 40 17 33
 28 64 64 62  1 28  3 26 56 15 59 64 17
  7 23 70 20 57 70 46  5  6  1 21 12 40
 62 53  5 15 22 43 57 15 26 42 51 16 38
 20 13 64  3 51 22 28  1 18 27  4 36  9
 11 20 41 65 29 63 54 28 31 63 27 59 41
 44 21 42 16 59 10 60 11  3 53 52 53 37
 41 51 18  4 38  6 22 49 15 51 54 61  7
 54  6  5 24 47 35 46 11 26 17 53 37 25
 34 42  6 54 40 47 59 25 53 53 37  9 64
 69 63 68  5 37 16 17 61 33 51 19 39 44
  6 47  4  6 21 17 23 24 13 29 34 54 33
0 1
0 2
0 3
1 4
1 5
1 6
2 7
2 8
2 9
3 10
3 11
3 12
