42 49
1 6 2 46 14 39 38 45 15 20 16 36 26 7 41 6 43 9 4 12 35 40
3 11 23 39 29 26 41 4 24 25 30 44 9 36 10 35 20 3 19 34 46 43 11 33 13 17 37 48 6 49 42 1 40 28 31
0 7 27 29 11 40 25 12 2 32 26 38 6 33 3 21 23 10 35 45 4 36 39 44 47 15 5 9 37 31
1 12 7 33 14 45 21 17
3 18 49 14 12 42 46 9 15 2 32 5 23 8 44 18 4 41 35 34 36 40 47 27 21 13 43 25 16 45 29 38 48 33 37 26 1 30 39 31 19 24 7
0 10 35 31 38 41 3
4 19 17 1 28 48 27 12 10 40 30 43 33 25 32 49 14 19 15 3 20 26 37 35 13 46 38 36 34 7 41 2 22 16 23 42 11 18 45 6 31 44 21 47 8 39 5 4 24 29
0 6 34 22 41 3 5 19 37 21 47 24 17 25 36 4 46 40 13 20 35 18 45 33 28 23 43 6 32 1 29 48 42 30 15 39 12 44 11 14 9 31
0 2 40 39 33 45 37 6 32 42 11 19 17 48 15 28 43 5 8 14 35 18 1 25 24 31 13 22 7
0 3 26 13 25 44 16 8 47 40 21 22 23 7
1 7 28 36 29 25 42 10 20 24 31 37 49 11 32 18 1 4 15 41 16 17 21 3 40 14
0 14 20 30 26 37 47 28 22 32 27 36 46 4 49 43 10 42 34 9 33 29 38 31 17 15 40 11 24 44 6
1 11 11 28 25 2 29 37 17 10 46 9 38 6 35 24 49 40 34 16 19 26 18 48 14 20 13 32 42 41 12 36 23 5 3 33 4 27 8 47 44 21 22 7 15
3 18 46 34 10 20 23 13 14 7 25 5 12 16 30 11 41 40 19 15 2 8 48 45 26 33
0 12 22 3 47 16 38 43 20 32 45 12 19 21 13 7 23 40 36 1 2 24 11 31 42 18 35 6 41 33 39 4
3 15 31 21 3 30 16 24 38 41 15 27
2 14 42 40 21 16 8 31 48 2 15 11 27 30 28 35 6
2 7 25 44 11 2 10 49 8 9 48 33 35 24 16 41 47 31 46 17 19 30 1 4 23 29 45 32 37 26
4 11 5 13 35 28 33 6 36 22 31 49 42 40 18 2 27 37 20 24 30 47 10 9 29 4
3 18 47 39 21 35 22 18 23 44 24
1 14 8 17 9 21 32 7 44 27 43 6 3 46 10 16 30 33 12 49 14 31 26 38 22 29 20 1 42 39 40 37 35 19 18 25 4 5 47 13 48 15 24 28
4 7 15 29 28 19 40 3 20 10 12 49 46 30 24 34 7 18 16 37 47 33 25 41 26 45 17 48 42 11 4 27 38 32 8 9
3 7 40 41 13 1 19 4 8 23 6 29 32 38 17 46 5 14 2 27 20 37 9 42 25 44 45 47 49 34 26 48 3 35 18 21 12 22
2 10 28 20 2 18 35 43 40 8 17 9 36 21 46 30 41 48 34 42 10 26 47 38 32 33 15 5 23 27 7 16 14 24 39 37 6 11 31 25 3 13 22 1 4 45 49 19 12
1 14 17 45 10 3 36 42 23 22 1 18 40 48 21 8 33 37 5
4 8 32 48 37 20 42 21 19 12 16 18 38 6 23 26 1 10 24 39 5 47 14 45 43 27 8 3 30 25 29 2 11 34 41 15 44 13 36 33 7 46 31 28 22 4 17 9
1 13 41 34 17 6
1 4 48 16 46 5 2 35 32 9 24 19 26 17 22 49 18 36 25 10 45 21 31 6 47 27 38 8 34 23 40 3
1 13 15 19 4 3 16 21 13 37 1 23 43 42 12 2 5 31 28 30 46 27 9 47 34 8 17 18 36 11 10 29 26 7 25 22 24 48
4 17 37 10 38 6 32 44 33 49 2 36 27 15 29
0 14 27 21 20 3 28 25 43 42 2 40 5 14 29 1 12 16 49 31 37 41 35 30 32
4 18 48 9 43 6 7 37 33 14 41 40 16 30 38 23 21 24 28 42 1 2 29 20 36
0 13 25 41 3 42 17 19 13 15 16 32 46 47 48 30 39 1 23 14 45 24 7 35 10 49 6 8 44 22 43 4 36 27 34 11 9 38 18
3 16 18 2 15 39 24 38 1 46 37 13 21 36 29 40 22 3 42 10 11 16 12 25 9 14 35 4 8 41 49 33 26 23 17 34 48 20 27 31 5
3 4 38 11 14 4 3 33 13 15 27 23 25 2 12 20 21 16 32 19
3 12 17 1 49 44 26 34 33 47 13 12 28 31 14 37 2 6 16 42 38 36 15 21 27 45 29 23 18 10 41 39 4 48 43 20 40 11 35 8 32 5
1 11 42
1 11 23 48 44 49 7 39 32 14 30
3 6 27 30 41 43 35 40 31 19 21 46 49 5 17 4 16 47 33 28 8 38 15 25 44 37 2 9 12 48 1 29 20 6 3 24 32 34 13 42 14 11
0 10 1 17 35 5 21 39 23 9 26 49 24 43 22 7 27 20 31 38 44 34 12 45
3 4 7 5 43 9 48 34 24 12 49 39 36 44 13 26 20 18 42 41 19 30 37 21
2 6 5 24 36 39 29 6 30 11 31 9 1 13 38 22 40 32 27 16 18 37 43 14 8 41 19 49 3 4 20 12 21 7 47 45 15 26 42 35 48 28 17
2 4 1 7 2 7 3 9 2 5 8 3 5 5 7 3 9 6 5 2 9 6 11 8 1 2 2 11 8 7 11 5 7 10 8 6 5 7 7 5 8 8 2 4 7 3 10 5 1